0.003333333333333333
0.003333333333333333
0.003333333333333333
0.00375
0.00375
0.00375
0.00375
0.00375
0.00375
0.004615384615384615
0.005384615384615385
0.005384615384615385
0.005384615384615385
0.005454545454545454
0.005454545454545454
0.005454545454545454
0.005714285714285714
0.005714285714285714
0.005714285714285714
0.005714285714285714
0.005714285714285714
0.005714285714285714
0.005714285714285714
0.005714285714285714
0.005714285714285714
0.005714285714285714
0.006
0.006153846153846154
0.006153846153846154
0.006153846153846154
0.006153846153846154
0.006153846153846154
0.006153846153846154
0.006153846153846154
0.006153846153846154
0.006153846153846154
0.006153846153846154
0.006153846153846154
0.006153846153846154
0.006153846153846154
0.0064285714285714285
0.0064285714285714285
0.0064285714285714285
0.0064285714285714285
0.0064285714285714285
0.0064285714285714285
0.0064285714285714285
0.0064285714285714285
0.0064285714285714285
0.0064285714285714285
0.0064285714285714285
0.0064285714285714285
0.0064285714285714285
0.0064285714285714285
0.006666666666666667
0.006923076923076922
0.006923076923076922
0.006923076923076922
0.006923076923076922
0.006923076923076922
0.0071428571428571435
0.0071428571428571435
0.0071428571428571435
0.0071428571428571435
0.0071428571428571435
0.0071428571428571435
0.0071428571428571435
0.0071428571428571435
0.007692307692307693
0.007692307692307693
0.007692307692307693
0.01
