0.0
0.0007777777777777778
0.0008045977011494254
0.0008045977011494254
0.0008695652173913044
0.0008791208791208791
0.000989010989010989
0.0010112359550561798
0.0010465116279069766
0.0010465116279069766
0.0010588235294117646
0.0010588235294117646
0.001076923076923077
0.00109375
0.001098901098901099
0.0011111111111111111
0.0011956521739130434
0.0012195121951219512
0.00125
0.00125
0.00125
0.00125
0.001264367816091954
0.0012676056338028169
0.0012857142857142856
0.0012962962962962965
0.0013186813186813187
0.0013207547169811322
0.0013333333333333333
0.0013846153846153845
0.00140625
0.0014102564102564104
0.0014285714285714286
0.0014285714285714286
0.0014444444444444446
0.0014516129032258063
0.0014545454545454547
0.0014545454545454547
0.0014705882352941176
0.0014814814814814814
0.0015
0.0015254237288135593
0.0015254237288135593
0.0015384615384615385
0.0015384615384615387
0.0015625
0.001566265060240964
0.001590909090909091
0.001590909090909091
0.0016071428571428571
0.0016129032258064516
0.0016176470588235294
0.0016176470588235294
0.0016304347826086956
0.0016363636363636363
0.0016363636363636363
0.0016455696202531645
0.0016666666666666666
0.0016666666666666666
0.0016666666666666668
0.0016666666666666668
0.001707317073170732
0.00171875
0.0017307692307692306
0.0017543859649122807
0.0017777777777777779
0.0017777777777777779
0.001791044776119403
0.001791044776119403
0.0018072289156626504
0.0018181818181818182
0.0018181818181818184
0.0018333333333333333
0.0018461538461538461
0.0018461538461538461
0.001851851851851852
0.001875
0.001875
0.001875
0.0018823529411764706
0.0018867924528301887
0.0018867924528301887
0.001888888888888889
0.001891891891891892
0.0019148936170212765
0.001927710843373494
0.001935483870967742
0.001948051948051948
0.001948051948051948
0.001951219512195122
0.0019565217391304345
0.0019753086419753087
0.001978021978021978
0.002
0.002
0.002
0.002
0.002
0.0020512820512820513
0.0020512820512820513
0.002058823529411765
0.0020634920634920637
0.002087912087912088
0.0020987654320987655
0.002112676056338028
0.002112676056338028
0.0021176470588235292
0.0021176470588235292
0.002125
0.002127659574468085
0.002142857142857143
0.002150537634408602
0.002173913043478261
0.002181818181818182
0.0021875
0.0021875
0.002195121951219512
0.002195121951219512
0.0022093023255813954
0.0022093023255813954
0.0022222222222222222
0.0022222222222222222
0.002235294117647059
0.002235294117647059
0.002238805970149254
0.002238805970149254
0.002285714285714286
0.002285714285714286
0.002285714285714286
0.0023076923076923075
0.0023076923076923075
0.002325581395348837
0.0023333333333333335
0.0023376623376623377
0.00234375
0.0023529411764705885
0.0023636363636363638
0.0023636363636363638
0.0024074074074074076
0.002413793103448276
0.0024193548387096775
0.0024193548387096775
0.0024324324324324323
0.0024324324324324323
0.002456140350877193
0.0024731182795698927
0.0025
0.0025352112676056337
0.0025373134328358212
0.0025373134328358212
0.002542372881355932
0.0025454545454545456
0.0025454545454545456
0.0025714285714285713
0.002575757575757576
0.0025806451612903226
0.0025806451612903226
0.0025806451612903226
0.0025806451612903226
0.0025806451612903226
0.0026153846153846158
0.0026470588235294116
0.00265625
0.0026666666666666666
0.002674418604651163
0.0026785714285714286
0.0026865671641791043
0.0026923076923076926
0.0027058823529411765
0.002727272727272727
0.002741935483870968
0.002741935483870968
0.0027536231884057972
0.002769230769230769
0.0027710843373493976
0.002777777777777778
0.002777777777777778
0.0027868852459016396
0.0028000000000000004
0.0028070175438596493
0.0028125
0.0028125
0.002835820895522388
0.002857142857142857
0.002857142857142857
0.0028846153846153843
0.002888888888888889
0.0029032258064516127
0.0029090909090909093
0.002923076923076923
0.002923076923076923
0.002923076923076923
0.0029411764705882353
0.0029411764705882353
0.0029411764705882353
0.0029545454545454545
0.0029545454545454545
0.0029545454545454545
0.0029577464788732395
0.0029577464788732395
0.002962962962962963
0.0029670329670329672
0.0029787234042553193
0.003
0.003
0.003
0.0030107526881720434
0.0030120481927710845
0.003015873015873016
0.0030303030303030303
0.0030303030303030303
0.0030508474576271187
0.0030555555555555557
0.003058823529411765
0.003058823529411765
0.003058823529411765
0.003076923076923077
0.003076923076923077
0.0031111111111111114
0.0031249999999999997
0.003132530120481928
0.003132530120481928
0.003142857142857143
0.003142857142857143
0.0031460674157303375
0.003148148148148148
0.003157894736842105
0.003157894736842105
0.003157894736842105
0.0031666666666666666
0.0031707317073170734
0.003181818181818182
0.0031914893617021275
0.0031999999999999997
0.0032
0.0032
0.0032
0.0032142857142857142
0.0032142857142857142
0.0032183908045977016
0.0032307692307692306
0.00323943661971831
0.00323943661971831
0.0032500000000000003
0.0032727272727272726
0.0032758620689655174
0.0032941176470588237
0.003333333333333333
0.003333333333333333
0.003333333333333333
0.003333333333333333
0.003333333333333333
0.0033333333333333335
0.0033333333333333335
0.0033333333333333335
0.0033333333333333335
0.0033333333333333335
0.003382352941176471
0.0033870967741935483
0.0033870967741935483
0.0033898305084745766
0.003404255319148936
0.003409090909090909
0.0034285714285714284
0.003448275862068966
0.0034545454545454545
0.003461538461538461
0.003461538461538461
0.0034782608695652175
0.003484848484848485
0.0035
0.0035
0.0035
0.0035000000000000005
0.0035211267605633804
0.003522727272727273
0.003529411764705882
0.003529411764705882
0.0035384615384615385
0.003563218390804598
0.0035714285714285713
0.0035714285714285713
0.0035714285714285713
0.0035714285714285718
0.00358974358974359
0.0035955056179775282
0.0036111111111111114
0.003614457831325301
0.003614457831325301
0.003617021276595745
0.0036206896551724136
0.0036231884057971015
0.0036249999999999998
0.0036363636363636364
0.0036363636363636364
0.0036363636363636364
0.0036363636363636364
0.003636363636363637
0.003636363636363637
0.0036470588235294117
0.0036470588235294117
0.003653846153846154
0.0036619718309859155
0.0036666666666666666
0.0036842105263157894
0.00368421052631579
0.00368421052631579
0.00368421052631579
0.00368421052631579
0.00368421052631579
0.00368421052631579
0.003703703703703704
0.003703703703703704
0.003703703703703704
0.0037142857142857142
0.0037142857142857142
0.0037209302325581397
0.0037209302325581397
0.00375
0.00375
0.00375
0.00375
0.00375
0.00375
0.00375
0.00375
0.003783783783783784
0.0038095238095238095
0.0038333333333333336
0.0038333333333333336
0.003846153846153846
0.0038461538461538464
0.0038461538461538464
0.0038461538461538464
0.0038461538461538464
0.003863636363636364
0.003863636363636364
0.003870967741935484
0.003870967741935484
0.003875
0.003888888888888889
0.003888888888888889
0.003888888888888889
0.003888888888888889
0.003888888888888889
0.003896103896103896
0.003908045977011495
0.00393939393939394
0.003958333333333334
0.003962264150943396
0.004
0.004
0.004
0.004
0.004
0.004
0.004
0.004
0.004
0.004
0.004
0.004025974025974026
0.004042553191489362
0.004042553191489362
0.004042553191489362
0.004047619047619048
0.004054054054054054
0.00409090909090909
0.0041025641025641026
0.004117647058823529
0.004117647058823529
0.004117647058823529
0.00411764705882353
0.00411764705882353
0.00411764705882353
0.00411764705882353
0.00411764705882353
0.00411764705882353
0.00411764705882353
0.004153846153846154
0.004166666666666667
0.004181818181818182
0.004181818181818182
0.004186046511627906
0.004186046511627906
0.004193548387096774
0.004202898550724638
0.004210526315789474
0.004210526315789474
0.004210526315789474
0.004210526315789474
0.004210526315789474
0.004210526315789474
0.004210526315789474
0.004210526315789474
0.004210526315789474
0.004222222222222223
0.004225352112676056
0.004230769230769231
0.00423728813559322
0.00425
0.0042592592592592595
0.004264705882352941
0.004285714285714286
0.004285714285714286
0.004285714285714286
0.004285714285714286
0.004285714285714286
0.004302325581395349
0.004307692307692308
0.004318181818181818
0.004318181818181818
0.004333333333333333
0.004347826086956522
0.004347826086956522
0.004363636363636364
0.0043661971830985915
0.0043749999999999995
0.0043749999999999995
0.0043749999999999995
0.004375
0.004375
0.0043859649122807015
0.004390243902439024
0.004390243902439024
0.0044
0.0044
0.004411764705882353
0.004426229508196722
0.0044444444444444444
0.0044444444444444444
0.0044444444444444444
0.0044444444444444444
0.0044444444444444444
0.0044444444444444444
0.0044444444444444444
0.0044444444444444444
0.0044444444444444444
0.0044444444444444444
0.0044444444444444444
0.0044444444444444444
0.004461538461538461
0.004464285714285714
0.004464285714285714
0.0045
0.0045
0.0045
0.0045
0.0045098039215686276
0.004516129032258065
0.004516129032258065
0.004528301886792453
0.004528301886792453
0.004545454545454545
0.004545454545454545
0.004545454545454545
0.004545454545454545
0.004545454545454546
0.004615384615384615
0.004642857142857143
0.004642857142857143
0.004651162790697674
0.004666666666666667
0.004666666666666667
0.004666666666666667
0.004666666666666667
0.004666666666666667
0.004675324675324675
0.0046875
0.004698795180722892
0.004705882352941177
0.004705882352941177
0.004705882352941177
0.004705882352941177
0.004705882352941177
0.004705882352941177
0.004705882352941177
0.004705882352941177
0.004705882352941177
0.004705882352941177
0.004705882352941177
0.004705882352941177
0.0047272727272727275
0.004736842105263157
0.004736842105263157
0.004736842105263157
0.00475
0.004754098360655737
0.0047619047619047615
0.004761904761904762
0.004761904761904762
0.004761904761904762
0.004791666666666667
0.0048
0.004827586206896552
0.004838709677419355
0.004838709677419355
0.004838709677419355
0.0048484848484848485
0.0048484848484848485
0.004857142857142858
0.004857142857142858
0.004857142857142858
0.004857142857142858
0.004857142857142858
0.004857142857142858
0.004857142857142858
0.004857142857142858
0.004883720930232558
0.004883720930232558
0.004893617021276596
0.004901960784313725
0.004905660377358491
0.004905660377358491
0.004936708860759494
0.004941176470588235
0.005
0.005
0.005
0.005
0.005
0.005
0.005
0.005
0.005
0.005
0.005
0.005
0.005
0.005
0.005
0.005
0.005
0.005
0.005
0.005
0.005
0.005
0.005
0.005
0.005058823529411765
0.005058823529411765
0.005063291139240506
0.005063291139240506
0.005098039215686275
0.005111111111111111
0.005142857142857143
0.005151515151515152
0.005151515151515152
0.005151515151515152
0.005161290322580645
0.005161290322580645
0.005161290322580645
0.005172413793103448
0.005180722891566265
0.005185185185185186
0.005185185185185186
0.005185185185185186
0.0052
0.0052
0.0052
0.005227272727272727
0.0052307692307692315
0.005238095238095238
0.005238095238095238
0.0052439024390243906
0.0052439024390243906
0.005245901639344262
0.005263157894736842
0.005263157894736842
0.005263157894736842
0.005263157894736842
0.005263157894736842
0.005263157894736842
0.005263157894736842
0.005272727272727273
0.005294117647058823
0.005294117647058823
0.005294117647058823
0.005294117647058823
0.005294117647058823
0.005294117647058823
0.005294117647058824
0.0053125
0.0053125
0.0053125
0.0053125
0.005316455696202532
0.005333333333333333
0.005333333333333333
0.005333333333333333
0.005333333333333333
0.005333333333333333
0.005333333333333333
0.005357142857142857
0.005357142857142857
0.005357142857142857
0.00537037037037037
0.005384615384615384
0.005384615384615385
0.005384615384615385
0.005384615384615385
0.005384615384615385
0.005384615384615385
0.005384615384615385
0.005384615384615385
0.005384615384615385
0.005384615384615385
0.005384615384615385
0.005384615384615385
0.005384615384615385
0.005384615384615385
0.005384615384615385
0.005384615384615385
0.005411764705882353
0.005416666666666667
0.0054285714285714284
0.0054285714285714284
0.005454545454545454
0.005454545454545454
0.005454545454545454
0.005454545454545454
0.005454545454545454
0.005454545454545454
0.005471698113207547
0.005471698113207547
0.005483870967741936
0.005483870967741936
0.005483870967741936
0.005492957746478873
0.0055
0.005517241379310345
0.005517241379310345
0.005535714285714285
0.005555555555555556
0.005555555555555556
0.005555555555555556
0.005555555555555556
0.005555555555555556
0.005555555555555556
0.0055769230769230765
0.005600000000000001
0.005600000000000001
0.005600000000000001
0.005600000000000001
0.005600000000000001
0.005600000000000001
0.005604395604395605
0.005609756097560976
0.005625
0.005625
0.005625
0.005625
0.00564516129032258
0.00564516129032258
0.005647058823529411
0.005660377358490566
0.005662650602409639
0.005666666666666667
0.005666666666666667
0.005681818181818182
0.005714285714285714
0.005714285714285714
0.005714285714285714
0.005714285714285714
0.005714285714285714
0.005714285714285714
0.005714285714285714
0.005714285714285714
0.005714285714285714
0.005714285714285714
0.005714285714285714
0.005714285714285714
0.005714285714285714
0.005714285714285714
0.005714285714285714
0.005714285714285714
0.005714285714285714
0.005714285714285714
0.005714285714285714
0.005714285714285714
0.005714285714285714
0.005714285714285714
0.005714285714285714
0.005714285714285714
0.005714285714285714
0.005735294117647059
0.005735294117647059
0.005737704918032787
0.00574468085106383
0.00575
0.005757575757575757
0.005757575757575757
0.00576271186440678
0.005769230769230769
0.005769230769230769
0.005769230769230769
0.005769230769230769
0.005769230769230769
0.005769230769230769
0.005769230769230769
0.005777777777777778
0.005789473684210527
0.005789473684210527
0.005806451612903225
0.005806451612903225
0.005806451612903225
0.005806451612903225
0.005806451612903225
0.005806451612903225
0.005806451612903225
0.005833333333333334
0.005833333333333334
0.005833333333333334
0.005833333333333334
0.005833333333333334
0.005833333333333334
0.005833333333333334
0.005833333333333334
0.005833333333333334
0.005833333333333334
0.005833333333333334
0.005833333333333334
0.005851063829787235
0.0058620689655172415
0.0058620689655172415
0.0058620689655172415
0.005869565217391305
0.0058823529411764705
0.0058823529411764705
0.0058823529411764705
0.0058823529411764705
0.0058823529411764705
0.0058823529411764705
0.0058823529411764705
0.0058823529411764705
0.0058823529411764705
0.0058823529411764705
0.0058823529411764705
0.0058823529411764705
0.0058823529411764705
0.005897435897435898
0.005897435897435898
0.005909090909090909
0.005909090909090909
0.005909090909090909
0.005909090909090909
0.005909090909090909
0.005909090909090909
0.0059375
0.0059375
0.0059375
0.0059375
0.005952380952380952
0.0059649122807017545
0.005978260869565218
0.006
0.006
0.006
0.006
0.006
0.006
0.006
0.006
0.006
0.006
0.006
0.006
0.006
0.006
0.006
0.006
0.006
0.006
0.006
0.006
0.006
0.006024096385542169
0.006049382716049383
0.006056338028169014
0.006060606060606061
0.006060606060606061
0.006060606060606061
0.0060655737704918035
0.006071428571428572
0.006071428571428572
0.006071428571428572
0.006071428571428572
0.006071428571428572
0.00607843137254902
0.006086956521739131
0.006086956521739131
0.006086956521739131
0.006086956521739131
0.006086956521739131
0.006086956521739131
0.006086956521739131
0.006086956521739131
0.006086956521739131
0.006086956521739131
0.006086956521739131
0.006086956521739131
0.006086956521739131
0.006086956521739131
0.006086956521739131
0.006086956521739131
0.006097560975609756
0.00611764705882353
0.006125
0.006129032258064516
0.006129032258064516
0.006129032258064516
0.0061333333333333335
0.0061445783132530124
0.006153846153846154
0.006153846153846154
0.006153846153846154
0.006153846153846154
0.006153846153846154
0.006153846153846154
0.006153846153846154
0.006153846153846154
0.006153846153846154
0.006153846153846154
0.006153846153846154
0.006153846153846154
0.006153846153846154
0.006153846153846154
0.006153846153846154
0.006153846153846154
0.006153846153846154
0.006153846153846154
0.006170212765957446
0.006179775280898877
0.006181818181818182
0.006190476190476191
0.006190476190476191
0.006190476190476191
0.006190476190476191
0.006190476190476191
0.006190476190476191
0.006190476190476191
0.006206896551724138
0.006206896551724138
0.006206896551724138
0.006206896551724138
0.006206896551724138
0.006206896551724138
0.006216216216216217
0.006216216216216217
0.0062195121951219515
0.006222222222222223
0.006222222222222223
0.0062499999999999995
0.0062499999999999995
0.0062499999999999995
0.0062499999999999995
0.0062499999999999995
0.0062499999999999995
0.0062499999999999995
0.0062499999999999995
0.0062499999999999995
0.00625
0.00625
0.00625
0.00625
0.00625
0.00625
0.00625
0.00625
0.00625
0.00625
0.00626865671641791
0.00626865671641791
0.00626865671641791
0.006290322580645161
0.006304347826086956
0.00630952380952381
0.00631578947368421
0.006329113924050633
0.006333333333333333
0.006333333333333333
0.006333333333333333
0.006333333333333333
0.006341463414634147
0.006351351351351351
0.006363636363636363
0.006363636363636363
0.006363636363636364
0.006363636363636364
0.006363636363636364
0.006363636363636364
0.006363636363636364
0.006363636363636364
0.006363636363636364
0.006363636363636364
0.006363636363636364
0.006363636363636364
0.006363636363636364
0.006363636363636364
0.006363636363636364
0.006363636363636364
0.006363636363636364
0.006363636363636364
0.006363636363636364
0.006363636363636364
0.006363636363636364
0.006363636363636364
0.006363636363636364
0.006382978723404255
0.006382978723404255
0.0064
0.0064
0.0064
0.0064
0.0064
0.00641025641025641
0.00641025641025641
0.006417910447761194
0.0064285714285714285
0.0064285714285714285
0.0064285714285714285
0.0064285714285714285
0.0064285714285714285
0.0064285714285714285
0.0064285714285714285
0.0064285714285714285
0.0064285714285714285
0.0064285714285714285
0.0064285714285714285
0.0064285714285714285
0.0064285714285714285
0.0064285714285714285
0.0064285714285714285
0.0064285714285714285
0.0064285714285714285
0.0064285714285714285
0.0064285714285714285
0.0064285714285714285
0.0064285714285714285
0.0064285714285714285
0.0064285714285714285
0.006428571428571429
0.006444444444444444
0.0064516129032258064
0.0064516129032258064
0.0064516129032258064
0.0064516129032258064
0.0064516129032258064
0.006470588235294118
0.006470588235294118
0.0064772727272727265
0.0064772727272727265
0.0064772727272727265
0.00648936170212766
0.006500000000000001
0.006500000000000001
0.006500000000000001
0.006500000000000001
0.006500000000000001
0.006500000000000001
0.006500000000000001
0.006500000000000001
0.0065151515151515155
0.006521739130434782
0.006521739130434782
0.006521739130434782
0.006521739130434782
0.006521739130434782
0.006521739130434782
0.006521739130434782
0.006521739130434782
0.006521739130434782
0.006521739130434782
0.006538461538461539
0.006538461538461539
0.006538461538461539
0.006551724137931034
0.006551724137931035
0.006551724137931035
0.006551724137931035
0.006551724137931035
0.006551724137931035
0.0065625
0.0065625
0.0065625
0.006571428571428572
0.006571428571428572
0.006571428571428572
0.006578947368421052
0.006585365853658537
0.006590909090909091
0.006590909090909091
0.006595744680851064
0.006595744680851064
0.00660377358490566
0.00660377358490566
0.0066129032258064515
0.006615384615384615
0.006619718309859155
0.006626506024096386
0.006627906976744186
0.006627906976744186
0.006629213483146067
0.006630434782608696
0.006666666666666666
0.006666666666666666
0.006666666666666666
0.006666666666666666
0.006666666666666666
0.006666666666666666
0.006666666666666666
0.006666666666666667
0.006666666666666667
0.006666666666666667
0.006666666666666667
0.006666666666666667
0.006666666666666667
0.006666666666666667
0.006666666666666667
0.006666666666666667
0.006666666666666667
0.006666666666666667
0.006666666666666667
0.006666666666666667
0.006666666666666667
0.006666666666666667
0.006666666666666667
0.006666666666666667
0.006666666666666667
0.006666666666666667
0.006666666666666667
0.006666666666666667
0.006666666666666667
0.006666666666666667
0.006666666666666667
0.006666666666666667
0.006666666666666667
0.006666666666666667
0.006666666666666667
0.006666666666666667
0.006666666666666667
0.006666666666666667
0.006666666666666667
0.006666666666666667
0.006666666666666667
0.006666666666666667
0.006666666666666667
0.006666666666666667
0.006666666666666667
0.006666666666666667
0.006703296703296703
0.006703296703296703
0.006705882352941176
0.006714285714285714
0.00671875
0.006721311475409835
0.006741573033707865
0.00676056338028169
0.006764705882352942
0.006764705882352942
0.006764705882352942
0.006764705882352942
0.0067741935483870966
0.0067741935483870966
0.0067741935483870966
0.0067741935483870966
0.006779661016949153
0.0067857142857142855
0.0067857142857142855
0.006792452830188679
0.006792452830188679
0.0068000000000000005
0.0068000000000000005
0.0068000000000000005
0.0068000000000000005
0.006818181818181818
0.006818181818181818
0.006818181818181818
0.006818181818181818
0.006818181818181818
0.006818181818181818
0.006818181818181818
0.006818181818181818
0.006818181818181818
0.006818181818181818
0.006818181818181818
0.006842105263157895
0.006842105263157895
0.006842105263157895
0.006853932584269663
0.006857142857142857
0.006860465116279069
0.006862745098039216
0.006875
0.006875
0.006875
0.006891891891891892
0.006896551724137932
0.006896551724137932
0.006896551724137932
0.006896551724137932
0.006904761904761904
0.006904761904761904
0.006923076923076922
0.006923076923076922
0.006923076923076922
0.006923076923076922
0.006923076923076922
0.006923076923076922
0.006923076923076922
0.006923076923076922
0.006923076923076922
0.006923076923076922
0.006923076923076922
0.006923076923076922
0.006923076923076922
0.006923076923076922
0.006923076923076922
0.006923076923076923
0.006923076923076923
0.006944444444444444
0.006949152542372881
0.006949152542372881
0.006949152542372881
0.006951219512195121
0.006956521739130435
0.006956521739130435
0.006956521739130435
0.006956521739130435
0.006956521739130435
0.006956521739130435
0.006956521739130435
0.006956521739130435
0.006956521739130435
0.006956521739130435
0.006956521739130435
0.0069642857142857145
0.0069642857142857145
0.006966292134831461
0.00696969696969697
0.00696969696969697
0.00696969696969697
0.0069767441860465115
0.006989247311827957
0.007
0.007
0.007
0.007
0.007
0.007
0.007
0.007
0.007
0.007
0.007000000000000001
0.007000000000000001
0.007000000000000001
0.007000000000000001
0.007000000000000001
0.007000000000000001
0.007000000000000001
0.007000000000000001
0.007000000000000001
0.007000000000000001
0.007000000000000001
0.007011494252873563
0.007017543859649123
0.007032967032967033
0.007032967032967033
0.007037037037037037
0.007037037037037037
0.007037037037037037
0.007042253521126761
0.007042253521126761
0.007049180327868852
0.007049180327868852
0.007058823529411764
0.007058823529411764
0.007058823529411764
0.007066666666666667
0.007073170731707316
0.007083333333333334
0.007083333333333334
0.007083333333333334
0.007083333333333334
0.007083333333333334
0.007083333333333334
0.007083333333333334
0.007083333333333334
0.007083333333333334
0.007083333333333334
0.007105263157894737
0.0071111111111111115
0.007115384615384615
0.007126436781609196
0.007142857142857143
0.007142857142857143
0.007142857142857143
0.007142857142857143
0.007142857142857143
0.007142857142857143
0.007142857142857143
0.007142857142857143
0.007142857142857143
0.007142857142857143
0.007142857142857143
0.007142857142857143
0.007142857142857143
0.007142857142857143
0.007142857142857143
0.007142857142857143
0.0071428571428571435
0.0071428571428571435
0.0071428571428571435
0.0071428571428571435
0.0071428571428571435
0.0071428571428571435
0.0071428571428571435
0.0071428571428571435
0.0071428571428571435
0.0071428571428571435
0.0071428571428571435
0.007160493827160493
0.007169811320754717
0.007169811320754717
0.007176470588235294
0.007176470588235294
0.00717948717948718
0.00717948717948718
0.0071875
0.0071875
0.0071875
0.007192982456140351
0.007195121951219512
0.0072
0.0072
0.0072
0.0072
0.0072
0.0072
0.007209302325581395
0.007215189873417721
0.007222222222222223
0.007222222222222223
0.007222222222222223
0.007222222222222223
0.007222222222222223
0.007222222222222223
0.007222222222222223
0.007236842105263159
0.007241379310344827
0.007241379310344827
0.0072549019607843135
0.007272727272727273
0.007272727272727273
0.007272727272727273
0.007272727272727273
0.007272727272727273
0.007272727272727273
0.007272727272727273
0.007272727272727273
0.007272727272727273
0.007272727272727273
0.007272727272727273
0.007272727272727273
0.007272727272727273
0.007272727272727273
0.007272727272727273
0.007288135593220339
0.007297297297297297
0.007297297297297297
0.007307692307692307
0.007307692307692308
0.007307692307692308
0.007307692307692308
0.007307692307692308
0.007317073170731707
0.007317073170731707
0.007333333333333333
0.007333333333333333
0.007333333333333333
0.007352941176470588
0.007352941176470588
0.00736842105263158
0.00736842105263158
0.00736842105263158
0.00736842105263158
0.00736842105263158
0.00736842105263158
0.00736842105263158
0.007375
0.0073846153846153844
0.0073846153846153844
0.007391304347826088
0.007391304347826088
0.007391304347826088
0.007391304347826088
0.007391304347826088
0.007391304347826088
0.007391304347826088
0.007391304347826088
0.007402597402597402
0.007407407407407408
0.007407407407407408
0.007407407407407408
0.007411764705882353
0.007411764705882353
0.007411764705882353
0.007411764705882353
0.007411764705882353
0.007419354838709678
0.007419354838709678
0.007419354838709678
0.007419354838709678
0.007419354838709678
0.007435897435897436
0.007435897435897436
0.007446808510638297
0.007450980392156863
0.00746031746031746
0.007471264367816092
0.0075
0.0075
0.0075
0.0075
0.0075
0.0075
0.0075
0.0075
0.0075
0.0075
0.0075
0.0075
0.0075
0.0075
0.0075
0.0075
0.0075
0.0075
0.0075
0.0075
0.0075
0.0075
0.0075
0.0075
0.0075
0.0075
0.0075
0.0075
0.0075
0.0075
0.0075
0.0075
0.0075
0.0075
0.007500000000000001
0.007500000000000001
0.007500000000000001
0.007543859649122807
0.007543859649122807
0.007543859649122807
0.007547169811320755
0.007547169811320755
0.007547169811320755
0.007547169811320755
0.007551020408163266
0.007567567567567568
0.007571428571428572
0.007575757575757576
0.007580645161290322
0.007586206896551724
0.007590361445783133
0.007592592592592592
0.007599999999999999
0.0076
0.0076
0.0076
0.0076
0.0076
0.0076
0.0076086956521739125
0.007619047619047619
0.007619047619047619
0.007619047619047619
0.007619047619047619
0.007619047619047619
0.007619047619047619
0.007619047619047619
0.007619047619047619
0.007619047619047619
0.007619047619047619
0.007619047619047619
0.007619047619047619
0.007625
0.007631578947368421
0.007634408602150537
0.0076363636363636364
0.0076363636363636364
0.0076363636363636364
0.007647058823529412
0.007647058823529412
0.007647058823529412
0.007647058823529412
0.007647058823529412
0.007666666666666667
0.007666666666666667
0.007666666666666667
0.007666666666666667
0.007674418604651163
0.007678571428571429
0.007678571428571429
0.007681159420289856
0.007682926829268293
0.007692307692307692
0.007692307692307692
0.007692307692307693
0.007692307692307693
0.007692307692307693
0.007692307692307693
0.007692307692307693
0.007692307692307693
0.007704918032786885
0.0077083333333333335
0.0077083333333333335
0.007714285714285715
0.007714285714285715
0.007727272727272728
0.007727272727272728
0.007727272727272728
0.007727272727272728
0.007727272727272728
0.007727272727272728
0.007727272727272728
0.007727272727272728
0.007727272727272728
0.007727272727272728
0.007727272727272728
0.007727272727272728
0.007741935483870968
0.007741935483870968
0.007741935483870968
0.007746478873239438
0.00775
0.00775
0.00775
0.00775
0.00775
0.0077777777777777776
0.0077777777777777776
0.0077777777777777776
0.0077777777777777776
0.0077777777777777776
0.0077777777777777776
0.007777777777777778
0.007777777777777778
0.007777777777777778
0.007777777777777778
0.007777777777777778
0.007777777777777778
0.007792207792207792
0.0078000000000000005
0.0078125
0.0078125
0.0078125
0.007818181818181818
0.007818181818181818
0.007818181818181818
0.007826086956521738
0.007826086956521738
0.007826086956521738
0.007826086956521738
0.007826086956521738
0.007826086956521738
0.007826086956521738
0.007826086956521738
0.007826086956521738
0.007826086956521738
0.007826086956521738
0.007826086956521738
0.007826086956521738
0.007833333333333333
0.007837837837837838
0.00784313725490196
0.007846153846153846
0.007857142857142858
0.00787878787878788
0.007894736842105263
0.007894736842105263
0.007894736842105263
0.007894736842105263
0.007894736842105263
0.007894736842105263
0.007894736842105263
0.007906976744186047
0.007906976744186047
0.00791044776119403
0.007916666666666667
0.007916666666666667
0.007916666666666667
0.007916666666666667
0.007916666666666667
0.007916666666666667
0.007916666666666667
0.007931034482758621
0.007931034482758621
0.007931034482758621
0.007931034482758621
0.007931034482758621
0.007936507936507936
0.007941176470588236
0.007941176470588236
0.007941176470588236
0.007941176470588236
0.007951807228915662
0.007959183673469388
0.007962962962962963
0.007962962962962963
0.007966101694915254
0.007971014492753625
0.007974683544303798
0.008
0.008
0.008
0.008
0.008
0.008
0.008
0.008
0.008
0.008
0.008
0.008
0.008
0.008
0.008
0.008
0.008
0.008
0.008
0.008
0.008
0.008
0.008
0.008
0.008021978021978023
0.008023255813953488
0.00803030303030303
0.008032786885245901
0.00803921568627451
0.00803921568627451
0.00803921568627451
0.008043478260869565
0.008055555555555555
0.008055555555555555
0.008064516129032258
0.008064516129032258
0.008064516129032258
0.008064516129032258
0.008076923076923077
0.008076923076923077
0.008076923076923077
0.008076923076923077
0.008076923076923077
0.008076923076923077
0.008076923076923077
0.008088235294117648
0.008095238095238096
0.008095238095238096
0.008095238095238096
0.008103448275862069
0.008103448275862069
0.008108108108108109
0.008108108108108109
0.008108108108108109
0.008108108108108109
0.00811111111111111
0.008113207547169812
0.008125
0.008125
0.008125
0.008125
0.008125
0.008125
0.008125
0.008131868131868131
0.008131868131868131
0.00813953488372093
0.00813953488372093
0.008153846153846154
0.008166666666666666
0.00818181818181818
0.00818181818181818
0.00818181818181818
0.00818181818181818
0.00819672131147541
0.00819672131147541
0.008202247191011236
0.008205128205128205
0.008205128205128205
0.008214285714285714
0.008214285714285714
0.008214285714285714
0.008214285714285714
0.008214285714285714
0.008214285714285714
0.008214285714285714
0.008214285714285714
0.008214285714285714
0.008214285714285714
0.008214285714285714
0.008222222222222223
0.008235294117647058
0.00823529411764706
0.008241758241758242
0.00824561403508772
0.008255813953488372
0.008255813953488372
0.00826086956521739
0.00826086956521739
0.00826086956521739
0.00826086956521739
0.00826086956521739
0.00826086956521739
0.00826086956521739
0.00826086956521739
0.00826086956521739
0.00826086956521739
0.008266666666666667
0.008269230769230768
0.008269230769230768
0.00828125
0.008285714285714285
0.008285714285714285
0.008285714285714285
0.008292682926829269
0.008292682926829269
0.008305084745762711
0.008309859154929577
0.008333333333333333
0.008333333333333333
0.008333333333333333
0.008333333333333333
0.008333333333333333
0.008333333333333333
0.008333333333333333
0.008333333333333333
0.008333333333333333
0.008333333333333333
0.008333333333333333
0.008333333333333333
0.008333333333333333
0.008333333333333333
0.008333333333333333
0.008333333333333333
0.008333333333333333
0.008333333333333333
0.008333333333333333
0.008333333333333333
0.008333333333333333
0.008363636363636365
0.008363636363636365
0.008363636363636365
0.008372093023255813
0.008372093023255813
0.008372093023255813
0.008372093023255813
0.008378378378378378
0.008378378378378378
0.008387096774193548
0.008392857142857143
0.0084
0.0084
0.0084
0.008405797101449276
0.008405797101449276
0.00840909090909091
0.00840909090909091
0.008414634146341462
0.008421052631578947
0.008421052631578947
0.008421052631578947
0.008421052631578947
0.008431372549019607
0.0084375
0.0084375
0.008441558441558443
0.008444444444444445
0.008444444444444445
0.008444444444444445
0.008444444444444445
0.008444444444444445
0.008444444444444445
0.008444444444444445
0.00847457627118644
0.00847457627118644
0.008478260869565218
0.008484848484848486
0.008484848484848486
0.0085
0.0085
0.0085
0.0085
0.0085
0.0085
0.0085
0.00851063829787234
0.008518518518518519
0.008524590163934427
0.008524590163934427
0.008533333333333334
0.008536585365853657
0.008536585365853657
0.008536585365853657
0.008536585365853657
0.008541666666666666
0.008545454545454545
0.008545454545454545
0.008554216867469879
0.008571428571428572
0.008571428571428572
0.008571428571428572
0.008571428571428572
0.008571428571428572
0.008571428571428572
0.008571428571428572
0.008571428571428572
0.008571428571428572
0.008571428571428572
0.008588235294117647
0.008591549295774648
0.00859375
0.008602150537634409
0.008602150537634409
0.008604651162790697
0.008620689655172414
0.008620689655172414
0.008620689655172414
0.008620689655172414
0.008620689655172414
0.008624999999999999
0.008636363636363636
0.008636363636363636
0.008636363636363636
0.008648648648648649
0.008648648648648649
0.008666666666666666
0.008666666666666666
0.008666666666666666
0.008666666666666666
0.008666666666666666
0.008674698795180723
0.008679245283018869
0.008679245283018869
0.008679245283018869
0.008679245283018869
0.008695652173913044
0.008695652173913044
0.008695652173913044
0.00870967741935484
0.00870967741935484
0.00870967741935484
0.00870967741935484
0.008714285714285714
0.00871794871794872
0.008723404255319148
0.008727272727272728
0.008749999999999999
0.008749999999999999
0.008749999999999999
0.008749999999999999
0.008749999999999999
0.008749999999999999
0.008749999999999999
0.008749999999999999
0.008749999999999999
0.008749999999999999
0.00875
0.00875
0.00875
0.008764044943820225
0.008764044943820225
0.008767123287671232
0.008775510204081632
0.008780487804878048
0.008780487804878048
0.008780487804878048
0.008780487804878048
0.008783783783783784
0.008787878787878787
0.008787878787878787
0.008787878787878787
0.008793103448275863
0.008795180722891566
0.0088
0.00880597014925373
0.008809523809523809
0.008813559322033898
0.008823529411764706
0.008823529411764706
0.008846153846153846
0.008846153846153846
0.008846153846153847
0.008846153846153847
0.008846153846153847
0.008846153846153847
0.008846153846153847
0.008846153846153847
0.008846153846153847
0.008852459016393444
0.008863636363636363
0.008863636363636363
0.008867924528301886
0.008867924528301886
0.008867924528301886
0.008870967741935484
0.008873239436619718
0.008888888888888889
0.008888888888888889
0.008888888888888889
0.008888888888888889
0.008888888888888889
0.008888888888888889
0.008888888888888889
0.008888888888888889
0.008904109589041096
0.00890625
0.00890625
0.008909090909090908
0.008913043478260869
0.008913043478260869
0.008923076923076922
0.008928571428571428
0.008928571428571428
0.008928571428571428
0.008928571428571428
0.008928571428571428
0.008928571428571428
0.008928571428571428
0.008928571428571428
0.008928571428571428
0.008928571428571428
0.008928571428571428
0.008936170212765958
0.00893939393939394
0.00893939393939394
0.008947368421052633
0.008947368421052633
0.008947368421052633
0.008958333333333334
0.008958333333333334
0.008958333333333334
0.008958333333333334
0.00896551724137931
0.00896551724137931
0.00896551724137931
0.008983050847457628
0.008987341772151899
0.009
0.009
0.009
0.009
0.009
0.009000000000000001
0.009000000000000001
0.00901098901098901
0.009014084507042254
0.009019607843137255
0.009024390243902438
0.009036144578313253
0.009038461538461539
0.009047619047619047
0.009047619047619047
0.009047619047619047
0.009058823529411765
0.0090625
0.0090625
0.009069767441860466
0.009074074074074075
0.009078947368421053
0.00909090909090909
0.00909090909090909
0.00909090909090909
0.009090909090909092
0.009090909090909092
0.009090909090909092
0.009090909090909092
0.009090909090909092
0.009090909090909092
0.009090909090909092
0.009101123595505618
0.009107142857142857
0.009117647058823529
0.009117647058823529
0.00912280701754386
0.00912280701754386
0.009130434782608695
0.009130434782608695
0.009137931034482759
0.009146341463414634
0.009148936170212766
0.009148936170212766
0.009152542372881357
0.009166666666666667
0.009193548387096774
0.009193548387096774
0.0092
0.0092
0.0092
0.0092
0.0092
0.009204545454545455
0.009206349206349206
0.009213483146067415
0.009215686274509803
0.009215686274509803
0.00921875
0.00923076923076923
0.00923076923076923
0.00923076923076923
0.00923076923076923
0.00923076923076923
0.00923076923076923
0.00923076923076923
0.00923076923076923
0.00923076923076923
0.00923076923076923
0.00923076923076923
0.00925
0.009253731343283582
0.009268292682926829
0.009268292682926829
0.009272727272727273
0.00927536231884058
0.009285714285714286
0.009285714285714286
0.009285714285714286
0.009302325581395349
0.009310344827586208
0.009318181818181817
0.009318181818181817
0.009322033898305085
0.009325842696629214
0.009333333333333332
0.009333333333333332
0.009344262295081967
0.009347826086956522
0.009367088607594937
0.009375
0.009375
0.009375
0.009393939393939394
0.009411764705882354
0.009411764705882354
0.009411764705882354
0.009411764705882354
0.009423076923076923
0.009423076923076923
0.009428571428571429
0.009428571428571429
0.009428571428571429
0.009428571428571429
0.009444444444444445
0.009444444444444445
0.009444444444444445
0.009454545454545455
0.009459459459459458
0.009459459459459458
0.009473684210526315
0.009473684210526315
0.009473684210526316
0.009487179487179488
0.009487179487179488
0.0095
0.0095
0.009508196721311474
0.009516129032258064
0.009516129032258064
0.009516129032258064
0.009523809523809525
0.009523809523809525
0.009523809523809525
0.009523809523809525
0.009529411764705883
0.00953125
0.00953125
0.009534883720930231
0.00954022988505747
0.009545454545454544
0.009545454545454546
0.009555555555555555
0.009555555555555555
0.009583333333333333
0.009583333333333334
0.009583333333333334
0.009583333333333334
0.009583333333333334
0.0096
0.0096
0.0096
0.009607843137254901
0.009615384615384616
0.009615384615384616
0.009622641509433963
0.00962962962962963
0.00963855421686747
0.009647058823529411
0.009649122807017544
0.009672131147540983
0.00967391304347826
0.00967741935483871
0.0096875
0.009696969696969697
0.009718309859154929
0.009718309859154929
0.00972972972972973
0.00972972972972973
0.00974025974025974
0.00974025974025974
0.00975
0.00975609756097561
0.00975609756097561
0.00975609756097561
0.00975609756097561
0.009767441860465116
0.009767441860465116
0.009770114942528735
0.009772727272727273
0.009772727272727273
0.009787234042553192
0.009787234042553192
0.009791666666666666
0.009791666666666666
0.00980392156862745
0.00980392156862745
0.009807692307692307
0.009807692307692307
0.009814814814814816
0.009833333333333333
0.009836065573770491
0.00984375
0.009857142857142856
0.009857142857142856
0.009868421052631578
0.009868421052631578
0.009870129870129871
0.009873417721518988
0.009876543209876543
0.009883720930232558
0.00988888888888889
0.009999999999999998
0.009999999999999998
0.009999999999999998
0.009999999999999998
0.01
0.01
0.01
0.01
0.01
0.01
0.01
0.01
0.01
0.01
0.01
0.01
0.01
0.01
0.01
0.01
0.01
0.01
0.01
0.01
0.01
0.01
0.01
0.01
0.01
0.01
0.01
0.01
0.01
0.01
0.01
0.01
0.010113636363636365
0.010114942528735632
0.010120481927710843
0.010131578947368422
0.010135135135135136
0.010147058823529412
0.010166666666666666
0.010169491525423728
0.010175438596491228
0.010178571428571427
0.010188679245283019
0.010188679245283019
0.010192307692307693
0.01019607843137255
0.010217391304347826
0.010222222222222223
0.010222222222222223
0.010222222222222223
0.01024390243902439
0.01024390243902439
0.010249999999999999
0.010256410256410256
0.010263157894736842
0.010270270270270271
0.010270270270270271
0.010277777777777778
0.010285714285714285
0.010289855072463768
0.010294117647058823
0.010329670329670328
0.010329670329670328
0.010333333333333333
0.010333333333333333
0.010338983050847458
0.010344827586206896
0.010348837209302325
0.010350877192982456
0.010350877192982456
0.010352941176470589
0.010357142857142856
0.010357142857142856
0.010384615384615384
0.0104
0.010405405405405405
0.010416666666666666
0.010434782608695651
0.010470588235294117
0.010470588235294117
0.010476190476190477
0.010481927710843374
0.010483870967741936
0.010487804878048781
0.010487804878048781
0.010487804878048781
0.010499999999999999
0.010499999999999999
0.010526315789473684
0.010535714285714285
0.010545454545454545
0.010545454545454545
0.010555555555555556
0.010571428571428572
0.010571428571428572
0.010588235294117648
0.010588235294117648
0.010606060606060605
0.01064516129032258
0.010652173913043479
0.010652173913043479
0.010714285714285714
0.01074074074074074
0.01075
0.010754716981132074
0.010757575757575757
0.010777777777777777
0.010784313725490198
0.010789473684210526
0.0108
0.010810810810810811
0.010810810810810811
0.010833333333333334
0.010847457627118645
0.010869565217391304
0.010869565217391304
0.01087719298245614
0.01087912087912088
0.010909090909090908
0.010909090909090908
0.010909090909090908
0.010909090909090908
0.010919540229885057
0.01096153846153846
0.010978260869565217
0.010987654320987654
0.011
0.01103448275862069
0.011052631578947368
0.011058823529411763
0.01106060606060606
0.01107142857142857
0.011076923076923076
0.011086956521739131
0.011111111111111112
0.011125
0.011125
0.011129032258064515
0.011129032258064515
0.011129032258064515
0.011136363636363637
0.011142857142857144
0.011153846153846153
0.011153846153846153
0.011153846153846153
0.011153846153846153
0.011159420289855072
0.011176470588235293
0.011176470588235293
0.011200000000000002
0.011206896551724138
0.011219512195121953
0.011272727272727273
0.011296296296296296
0.011304347826086957
0.01130952380952381
0.011311475409836064
0.011320754716981131
0.011348314606741574
0.011363636363636364
0.011388888888888888
0.011388888888888888
0.011403508771929825
0.011428571428571429
0.011428571428571429
0.011481481481481481
0.011481481481481481
0.011486486486486485
0.011509433962264152
0.011529411764705882
0.011538461538461537
0.011538461538461539
0.011568627450980392
0.0116
0.01161290322580645
0.011627906976744186
0.011666666666666665
0.011666666666666667
0.011690140845070422
0.011694915254237288
0.01171875
0.01173913043478261
0.011764705882352941
0.011764705882352941
0.011764705882352941
0.011794871794871795
0.011807228915662651
0.011818181818181818
0.011827956989247313
0.011833333333333333
0.011886792452830188
0.01189655172413793
0.011923076923076923
0.011923076923076923
0.011940298507462687
0.011940298507462687
0.011967213114754098
0.012
0.012
0.012
0.012048192771084338
0.01206896551724138
0.01215686274509804
0.012247191011235956
0.01225
0.012253521126760564
0.012258064516129033
0.012278481012658228
0.012318840579710144
0.012333333333333333
0.012333333333333335
0.012352941176470587
0.012352941176470589
0.012388059701492538
0.012424242424242423
0.012459016393442624
0.0125
0.0125
0.012567567567567568
0.012575757575757575
0.012647058823529412
0.012714285714285714
0.012727272727272726
0.012875000000000001
0.01288135593220339
0.012948717948717948
0.013030303030303031
0.013035714285714286
0.013068181818181817
0.013098591549295775
0.013132530120481928
0.013142857142857144
0.013142857142857144
0.013148148148148147
0.013164556962025316
0.013218390804597701
0.01328358208955224
0.013333333333333332
0.013333333333333334
0.013372093023255814
0.013428571428571429
0.013500000000000002
0.013571428571428571
0.013571428571428571
0.013571428571428571
0.013636363636363636
0.013692307692307693
0.013783783783783784
0.013855421686746987
0.01392156862745098
0.014084507042253521
0.014157303370786517
0.014166666666666666
0.014242424242424242
0.014285714285714285
0.014285714285714287
0.014285714285714287
0.014324324324324325
0.014347826086956523
0.014464285714285716
0.014528301886792452
0.01482142857142857
0.01482142857142857
0.014838709677419355
0.014848484848484849
0.015064935064935064
0.015081967213114755
0.015238095238095238
0.01525
0.01528301886792453
0.015344827586206897
0.01542857142857143
0.015454545454545455
0.01568627450980392
0.016
0.016
0.016022727272727272
0.016029411764705882
0.01606060606060606
0.016153846153846154
0.016190476190476193
0.016226415094339624
0.016285714285714285
0.016451612903225808
0.01659090909090909
0.016666666666666666
0.016666666666666666
0.016875
0.017
0.018125
0.018235294117647058
0.018307692307692306
0.018799999999999997
0.019
0.019
0.0196078431372549
0.019642857142857146
0.019705882352941177
0.01972222222222222
0.02033333333333333
0.020476190476190474
0.02056338028169014
0.020677966101694915
0.02090909090909091
0.023
0.023529411764705882
0.02389830508474576
0.024705882352941175
0.025
0.025500000000000002
0.025842696629213482
0.026521739130434784
0.02711111111111111
0.027857142857142858
0.02826086956521739
0.02875
0.02943820224719101
0.03203703703703704
0.03333333333333333
0.04263157894736842
0.04448275862068966
0.05325
0.05878048780487805
0.0746875
0.08015625
0.10867924528301887
0.12472727272727273
0.18138461538461537
0.19238095238095237
0.2546551724137931
1.163709677419355
11.473636363636363
