54
161
155
147
147
124
120
120
163
113
110
137
123
163
104
103
90
163
87
87
124
97
120
120
120
92
114
91
113
112
154
120
163
162
139
106
126
94
163
132
91
101
111
120
139
139
89
137
136
97
154
163
86
86
105
124
104
85
85
65
64
91
136
63
151
114
139
155
155
120
119
134
92
125
132
82
139
139
155
155
64
64
80
80
120
120
159
127
87
71
125
125
70
124
155
155
155
116
54
108
154
99
91
53
60
120
120
120
105
104
104
104
104
126
126
148
155
147
154
139
117
124
102
102
145
94
65
108
144
115
129
143
64
149
78
120
70
77
147
98
111
97
97
90
145
62
124
124
55
55
137
143
68
122
81
155
161
60
100
120
59
59
131
124
65
117
91
123
103
109
109
64
83
121
146
114
44
88
106
56
93
124
155
155
68
68
117
123
92
55
55
79
103
109
54
90
60
60
155
125
125
113
148
124
41
99
64
139
139
52
104
57
102
45
45
163
163
67
67
134
117
111
83
105
55
77
115
115
104
104
104
104
60
109
125
65
65
162
54
97
134
48
80
80
112
85
53
53
90
111
37
105
126
47
104
83
93
155
108
77
77
41
92
138
117
81
91
131
161
45
55
65
70
90
105
120
155
139
94
39
39
102
34
63
145
120
120
91
81
71
71
85
85
80
47
28
163
93
125
111
111
120
46
156
55
119
32
64
146
82
82
159
86
86
104
36
54
112
103
85
85
67
67
160
159
35
35
35
109
139
39
65
86
60
120
77
158
64
85
55
55
101
105
113
117
117
125
129
54
58
62
62
99
37
74
111
127
57
122
138
93
117
24
120
120
160
135
107
103
99
71
67
67
59
55
55
94
70
66
31
31
31
62
62
155
143
154
100
150
115
65
149
114
34
102
64
94
30
105
116
86
56
97
108
67
119
52
137
85
155
125
125
55
62
62
69
112
65
83
155
126
54
54
133
115
61
147
25
57
32
32
103
120
67
21
70
105
129
52
97
90
31
117
55
137
65
65
65
51
85
85
139
44
44
44
71
71
54
91
47
117
30
30
80
93
83
63
33
33
102
115
59
154
36
85
85
85
65
65
104
117
97
116
45
48
115
83
83
137
35
35
89
54
57
57
57
155
60
82
145
22
47
94
97
75
25
25
25
156
131
28
28
87
149
65
105
71
71
80
55
58
161
85
106
9
9
9
45
54
24
33
48
51
60
157
148
68
62
62
59
103
47
44
120
117
70
58
55
52
52
121
92
66
152
60
60
60
40
71
88
105
122
68
85
65
163
118
87
101
70
70
70
98
28
39
89
100
97
36
83
83
47
94
58
69
80
160
22
33
44
55
77
77
85
85
52
71
30
57
19
19
19
19
19
19
103
154
54
54
54
135
35
70
43
43
139
8
8
8
8
8
8
8
24
114
37
166
121
42
60
60
99
125
91
156
26
65
65
65
122
158
44
44
62
62
155
155
111
80
103
18
18
18
36
36
77
154
87
117
155
127
33
124
48
53
98
103
20
20
20
20
25
35
35
35
40
45
85
125
77
151
47
47
47
42
37
120
22
105
122
100
39
156
51
85
85
17
17
17
17
17
34
34
97
145
128
65
36
122
55
55
110
43
43
31
143
69
19
19
19
19
19
19
19
19
19
128
135
45
71
26
59
80
54
68
136
21
21
35
35
35
114
86
65
44
44
30
120
143
122
23
69
140
133
55
126
71
48
48
48
16
32
105
57
41
41
25
25
34
61
149
97
18
18
18
18
18
18
18
18
18
18
45
90
65
56
56
20
20
20
80
120
131
51
31
31
53
53
117
163
163
33
33
77
77
22
125
65
106
110
125
28
28
43
15
15
15
30
30
77
32
98
83
100
134
17
17
17
17
17
17
17
17
17
17
34
34
55
19
19
19
97
40
162
61
63
21
21
42
128
48
25
29
120
122
31
31
31
33
33
35
35
35
35
35
35
35
35
119
43
86
47
51
53
53
108
108
79
85
105
139
114
10
12
14
14
14
16
18
18
18
18
18
20
22
24
28
28
30
30
30
32
32
32
34
92
102
120
120
124
148
152
129
123
85
85
79
79
114
157
51
135
90
117
35
105
33
33
33
97
31
31
31
29
83
27
54
54
154
25
25
25
159
44
65
21
21
126
82
82
61
19
19
19
19
19
19
19
55
163
17
17
17
34
34
68
51
98
32
32
32
32
143
79
156
15
15
15
30
30
45
146
28
28
56
54
39
13
13
13
13
26
26
26
26
26
26
26
26
26
26
26
163
135
98
85
157
48
35
70
116
114
112
11
11
11
22
33
55
97
53
53
31
31
31
71
20
109
29
58
152
56
139
18
18
36
54
54
72
113
52
145
143
25
25
25
25
25
25
91
41
139
98
105
16
16
16
32
133
62
62
85
108
108
138
53
83
30
90
157
97
97
111
44
14
14
14
14
14
14
14
14
14
14
14
14
14
14
14
14
14
14
21
21
28
28
28
70
70
105
112
133
154
152
103
68
68
61
162
148
148
47
80
106
33
33
59
26
26
26
26
26
26
52
45
102
19
19
31
31
31
31
31
31
62
124
120
120
12
12
12
24
24
24
24
24
24
24
24
48
94
29
29
58
104
46
17
17
17
17
17
17
17
34
51
51
68
85
85
119
112
117
39
39
22
22
22
66
66
66
98
135
145
32
32
32
32
138
42
57
129
134
92
137
15
15
15
15
15
15
15
15
15
15
20
20
25
25
25
25
25
30
35
60
90
105
105
105
103
83
161
81
147
71
33
66
66
61
145
28
28
28
28
56
135
51
115
23
23
23
23
23
23
23
23
23
23
23
23
23
23
23
46
82
123
113
144
144
162
85
80
155
31
31
62
75
145
83
122
13
13
13
13
13
13
13
13
13
13
13
13
13
26
26
26
26
26
117
47
115
102
123
89
55
97
21
21
21
21
21
21
42
105
126
134
100
29
29
29
29
29
29
103
37
74
82
45
45
162
24
24
24
24
24
24
24
24
24
16
16
16
16
16
16
16
16
64
80
123
67
67
67
105
62
124
154
92
84
122
57
117
79
109
139
30
30
30
60
82
123
104
137
74
140
140
33
33
22
22
22
22
22
22
22
22
22
22
22
22
22
22
22
22
22
22
22
44
44
102
149
116
47
47
144
97
111
25
25
25
25
25
39
39
67
14
14
14
14
14
14
14
14
14
14
14
14
14
14
14
14
14
14
14
14
14
28
56
42
101
45
31
31
93
93
93
127
99
17
17
156
88
88
88
94
134
117
20
20
20
20
20
20
60
80
106
149
66
112
23
23
23
23
23
23
23
23
23
23
115
101
26
26
26
87
29
29
29
29
29
157
32
32
32
35
35
70
146
76
117
117
41
126
44
88
47
47
147
53
53
62
65
71
145
83
86
86
89
92
143
155
158
18
18
18
18
36
45
54
12
15
15
15
15
15
15
15
15
21
21
21
21
21
21
21
21
21
21
21
21
21
21
21
24
24
24
24
24
24
30
30
39
51
60
60
60
60
81
120
160
151
115
97
91
91
85
70
64
125
61
162
162
98
89
132
71
34
34
34
68
31
31
31
31
155
59
115
28
28
162
53
53
25
25
25
25
122
22
22
22
22
22
22
22
22
22
44
44
129
101
120
139
19
19
19
108
162
89
35
105
86
51
102
16
16
16
122
151
74
29
29
29
29
42
42
136
13
13
13
13
13
26
26
26
26
26
26
26
26
26
52
39
39
36
108
59
59
59
82
138
23
23
23
23
23
23
23
23
23
23
23
115
161
148
158
56
56
89
99
66
66
66
86
126
93
143
30
30
30
30
30
30
70
90
90
90
20
20
20
20
20
20
20
20
20
20
20
117
87
57
114
101
155
91
91
118
54
54
54
108
71
71
149
61
61
139
17
17
34
136
75
99
82
147
137
24
24
24
24
24
24
48
48
48
72
158
148
148
124
162
100
38
114
114
45
97
52
87
21
21
21
21
21
21
21
21
21
35
35
42
70
70
70
70
98
105
119
14
14
14
14
14
28
28
28
56
91
91
109
81
53
53
138
85
85
117
39
39
32
32
64
57
82
25
25
25
25
25
25
111
86
104
79
18
18
18
18
18
18
36
155
137
76
105
134
29
58
160
51
139
22
22
22
22
22
22
22
22
22
33
33
33
44
44
55
154
136
59
74
74
100
78
26
26
26
52
104
41
82
116
15
15
15
135
109
98
34
34
136
106
144
148
19
19
19
19
19
19
19
156
137
80
65
65
161
161
23
23
23
23
23
23
23
23
100
77
131
27
27
54
108
135
85
85
85
85
85
31
31
31
31
62
97
97
136
144
144
39
39
125
94
51
157
63
154
154
87
103
119
143
16
16
16
16
20
20
20
20
20
20
20
20
20
20
20
24
24
24
24
24
24
24
24
24
24
24
28
28
28
32
40
48
56
56
132
36
52
52
104
133
129
154
146
57
57
57
53
53
53
53
49
98
127
37
144
70
136
66
62
87
145
83
54
75
25
25
25
25
25
25
117
163
46
21
21
21
21
21
21
21
21
21
21
21
42
105
105
105
80
135
38
93
55
55
55
17
17
17
34
51
136
115
98
94
124
150
30
30
30
30
116
116
159
86
56
56
69
82
39
39
26
26
26
26
26
26
143
135
61
109
48
48
35
70
149
154
22
22
22
22
22
22
22
22
22
44
44
44
62
62
62
133
71
40
40
40
80
80
98
134
103
103
27
45
45
63
63
54
126
126
18
18
18
18
18
18
77
154
50
100
100
32
32
64
151
55
55
55
110
156
23
23
23
23
23
23
23
23
23
23
23
23
60
97
37
111
51
65
135
14
112
103
113
33
109
109
19
19
19
19
19
19
19
43
43
67
120
120
24
24
24
24
24
24
24
149
135
145
29
29
29
29
58
116
63
97
131
34
34
34
68
117
156
83
132
49
98
103
54
54
59
123
69
79
158
104
109
15
15
20
20
20
20
20
20
20
25
25
25
25
25
25
25
30
30
30
35
45
45
45
60
100
110
125
135
145
136
131
101
91
86
66
132
61
51
51
51
92
123
36
72
31
31
62
62
26
26
26
26
26
52
52
120
94
68
136
136
21
21
21
100
58
58
37
37
74
74
90
53
159
101
133
32
32
48
48
64
80
80
91
91
43
43
156
65
98
109
60
115
137
159
22
22
22
44
132
94
61
61
89
78
78
117
156
106
162
162
162
28
28
28
28
28
28
28
28
28
56
56
146
45
51
34
125
91
57
120
120
86
86
155
23
23
23
23
23
23
23
23
46
46
75
52
52
64
128
35
35
70
140
41
41
159
59
71
143
155
18
18
18
18
24
24
24
24
30
30
30
30
36
36
42
48
48
48
48
66
90
102
120
120
126
133
134
55
55
55
43
43
43
43
37
74
62
124
56
106
25
25
25
100
100
125
125
69
69
113
44
44
82
120
19
19
57
57
133
51
32
32
109
77
154
45
45
45
45
45
45
45
136
156
59
59
105
105
92
112
33
33
20
20
20
20
20
40
60
47
128
54
61
61
129
102
102
109
75
41
41
41
41
123
48
55
55
83
21
21
21
21
21
21
21
35
42
63
98
134
127
85
71
64
114
100
93
93
43
115
101
29
29
29
29
58
138
109
80
44
66
66
110
37
74
126
127
30
30
45
45
45
135
83
159
53
53
53
53
129
145
23
69
69
116
116
31
31
31
31
163
70
39
47
94
55
111
24
24
24
24
24
40
40
48
56
80
96
112
32
32
32
120
113
89
89
73
114
114
49
98
41
41
41
82
74
33
33
33
99
149
58
83
108
75
117
67
109
42
101
59
161
34
34
136
112
138
78
78
26
26
26
26
26
26
52
61
158
44
44
53
53
53
62
71
134
18
18
27
36
45
45
54
54
135
100
73
64
64
55
46
92
129
129
157
111
65
28
28
28
28
28
28
28
56
56
56
56
112
47
113
66
66
161
19
19
38
143
48
48
48
48
144
29
29
87
97
97
156
156
59
79
129
20
20
40
40
40
30
90
150
131
121
91
71
51
82
134
83
52
21
21
42
105
106
85
32
32
96
107
43
54
162
76
98
98
109
109
109
33
33
55
132
22
22
22
22
44
44
88
111
111
89
56
135
147
34
68
136
57
57
23
23
115
138
139
58
105
105
82
47
47
59
155
60
145
62
62
162
25
25
25
25
75
138
88
63
89
140
51
51
102
166
64
155
13
13
26
26
39
39
39
39
39
65
78
104
130
146
40
67
134
41
82
55
69
125
14
28
42
113
43
115
29
102
117
117
44
88
59
89
104
104
104
119
45
75
166
136
106
61
46
124
124
155
79
32
32
80
113
98
115
66
132
149
100
100
34
34
68
85
136
52
52
139
70
70
70
70
105
106
36
36
90
55
37
37
149
112
113
76
76
57
116
97
39
39
159
60
60
161
61
62
62
62
145
104
21
21
21
42
105
105
85
64
64
43
87
22
66
110
45
45
116
72
120
120
24
24
24
48
148
25
25
25
51
103
155
155
26
52
104
105
53
134
54
83
85
57
61
92
154
31
32
128
33
103
106
71
71
37
37
112
77
77
155
157
119
40
41
41
41
82
123
43
86
129
87
44
44
47
47
48
48
96
148
51
51
52
52
158
159
161
54
112
113
114
117
117
117
119
60
120
61
122
125
125
64
132
136
70
70
76
76
77
79
81
163
86
90
94
98
105
105
106
124
127
132
29
29
57
58
116
116
20
20
23
23
23
24
26
27
28
30
30
31
31
31
34
34
35
36
39
41
42
42
43
51
52
55
59
61
77
78
85
94
103
104
105
108
110
119
119
143
147
151
155
161
156
148
111
105
100
98
98
97
88
87
83
162
76
74
147
68
132
60
59
117
57
56
110
162
162
53
53
52
104
155
51
97
143
46
45
45
45
131
166
41
41
123
80
158
39
76
112
37
74
109
36
35
139
104
69
68
135
101
97
161
94
124
91
91
30
60
120
59
29
86
57
57
85
28
56
111
136
162
133
26
104
129
126
25
124
74
48
144
166
162
23
115
115
154
129
85
85
63
83
166
62
41
41
41
143
20
40
98
117
57
56
55
55
90
126
35
70
156
137
51
51
33
132
95
62
46
46
122
132
115
157
114
155
28
54
121
40
120
53
66
156
104
104
90
51
102
140
76
25
37
37
122
146
48
120
166
59
127
23
92
161
57
114
91
102
33
44
77
88
154
87
108
162
107
116
52
154
92
81
80
110
139
29
106
76
152
85
66
160
94
56
65
157
46
138
147
109
118
45
116
80
80
62
62
62
115
97
44
114
114
105
105
35
140
26
26
52
52
69
51
51
152
151
151
25
58
82
127
55
54
23
84
61
53
159
128
156
89
66
154
102
36
36
108
57
114
155
162
21
42
124
117
54
54
108
74
134
53
85
52
104
65
155
116
166
51
102
140
25
125
156
62
155
105
105
86
159
110
128
36
102
162
66
108
113
71
59
94
129
64
98
69
148
125
34
34
51
39
83
138
88
126
93
60
163
157
53
58
152
26
26
67
67
113
61
121
25
35
70
155
119
99
147
83
29
140
159
159
149
147
104
155
140
51
105
116
98
89
80
71
31
163
79
152
156
69
30
90
34
119
51
164
105
67
108
33
136
139
61
138
117
52
80
159
154
98
74
66
155
143
152
34
160
129
70
55
157
160
115
104
117
144
80
132
132
59
113
119
78
149
98
125
154
33
56
88
156
146
71
135
106
115
83
35
35
54
133
79
132
113
144
115
87
135
67
45
30
155
86
70
134
162
107
40
133
28
28
70
139
94
105
22
132
139
163
65
105
37
120
83
51
112
98
71
89
60
158
33
35
105
28
28
37
46
132
140
56
136
53
117
123
163
56
56
31
33
109
77
61
149
136
21
40
146
53
58
35
33
144
51
162
163
146
144
30
40
123
88
68
33
126
39
21
53
35
97
31
129
44
24
30
32
30
124
105
100
160
154
149
135
100
149
134
135
64
105
85
65
131
125
155
25
139
30
30
120
145
121
51
28
68
36
155
163
30
21
71
138
59
55
137
155
135
131
30
147
34
59
97
156
34
22
153
20
131
89
23
112
105
131
163
45
28
46
56
97
89
145
145
152
54
60
103
57
105
29
125
121
155
40
41
105
117
32
64
129
53
55
152
65
63
58
100
62
33
