8
8
8
8
8
8
9
9
9
10
11
11
11
12
13
13
13
13
13
13
13
13
13
13
13
13
13
13
13
13
13
13
13
13
13
13
13
13
13
13
13
13
14
14
14
14
14
14
14
14
14
14
14
14
14
14
14
14
14
14
14
14
14
14
14
14
14
14
14
14
14
14
14
14
14
14
14
14
14
14
14
14
14
14
14
14
14
14
14
14
14
14
14
14
14
14
14
14
15
15
15
15
15
15
15
15
15
15
15
15
15
15
15
15
15
15
15
15
15
15
15
15
15
15
15
15
15
15
15
16
16
16
16
16
16
16
16
16
16
16
16
16
16
16
16
16
16
17
17
17
17
17
17
17
17
17
17
17
17
17
17
17
17
17
17
17
17
17
17
17
17
17
17
17
17
17
17
17
17
17
18
18
18
18
18
18
18
18
18
18
18
18
18
18
18
18
18
18
18
18
18
18
18
18
18
18
18
18
18
18
18
18
18
18
18
18
18
18
18
18
18
19
19
19
19
19
19
19
19
19
19
19
19
19
19
19
19
19
19
19
19
19
19
19
19
19
19
19
19
19
19
19
19
19
19
19
19
19
19
19
19
19
19
19
19
19
19
19
19
19
19
19
19
19
20
20
20
20
20
20
20
20
20
20
20
20
20
20
20
20
20
20
20
20
20
20
20
20
20
20
20
20
20
20
20
20
20
20
20
20
20
20
20
20
20
20
20
20
20
20
20
20
20
20
20
20
20
21
21
21
21
21
21
21
21
21
21
21
21
21
21
21
21
21
21
21
21
21
21
21
21
21
21
21
21
21
21
21
21
21
21
21
21
21
21
21
21
21
21
21
21
21
21
21
21
21
21
21
21
21
21
21
21
21
21
21
21
21
21
21
21
21
21
21
21
21
21
21
21
21
21
21
22
22
22
22
22
22
22
22
22
22
22
22
22
22
22
22
22
22
22
22
22
22
22
22
22
22
22
22
22
22
22
22
22
22
22
22
22
22
22
22
22
22
22
22
22
22
22
22
22
22
22
22
22
22
22
22
22
22
22
22
23
23
23
23
23
23
23
23
23
23
23
23
23
23
23
23
23
23
23
23
23
23
23
23
23
23
23
23
23
23
23
23
23
23
23
23
23
23
23
23
23
23
23
23
23
23
23
23
23
23
23
23
23
23
23
23
23
23
23
23
23
23
23
23
23
23
23
23
23
23
23
23
24
24
24
24
24
24
24
24
24
24
24
24
24
24
24
24
24
24
24
24
24
24
24
24
24
24
24
24
24
24
24
24
24
24
24
24
24
24
24
24
24
24
24
24
24
24
24
24
24
24
24
24
24
24
24
24
24
24
24
24
24
24
24
24
24
24
25
25
25
25
25
25
25
25
25
25
25
25
25
25
25
25
25
25
25
25
25
25
25
25
25
25
25
25
25
25
25
25
25
25
25
25
25
25
25
25
25
25
25
25
25
25
25
25
25
25
25
25
25
25
25
25
25
25
25
25
25
25
26
26
26
26
26
26
26
26
26
26
26
26
26
26
26
26
26
26
26
26
26
26
26
26
26
26
26
26
26
26
26
26
26
26
26
26
26
26
26
26
26
26
26
26
26
26
26
26
26
26
26
26
26
26
26
26
26
26
26
26
26
26
26
26
26
26
26
26
26
26
27
27
27
27
27
27
27
28
28
28
28
28
28
28
28
28
28
28
28
28
28
28
28
28
28
28
28
28
28
28
28
28
28
28
28
28
28
28
28
28
28
28
28
28
28
28
28
28
28
28
28
28
28
28
28
28
28
28
28
28
29
29
29
29
29
29
29
29
29
29
29
29
29
29
29
29
29
29
29
29
29
29
29
29
29
29
29
29
29
29
29
29
29
29
29
29
29
29
29
29
30
30
30
30
30
30
30
30
30
30
30
30
30
30
30
30
30
30
30
30
30
30
30
30
30
30
30
30
30
30
30
30
30
30
30
30
30
30
30
30
30
30
30
30
30
30
30
30
31
31
31
31
31
31
31
31
31
31
31
31
31
31
31
31
31
31
31
31
31
31
31
31
31
31
31
31
31
31
31
31
31
31
31
31
31
31
31
31
31
31
31
31
31
31
31
31
31
31
32
32
32
32
32
32
32
32
32
32
32
32
32
32
32
32
32
32
32
32
32
32
32
32
32
32
32
32
32
32
32
32
32
33
33
33
33
33
33
33
33
33
33
33
33
33
33
33
33
33
33
33
33
33
33
33
33
33
33
33
33
33
33
33
33
33
33
33
33
33
33
33
33
33
33
34
34
34
34
34
34
34
34
34
34
34
34
34
34
34
34
34
34
34
34
34
34
34
34
34
34
34
34
34
34
34
35
35
35
35
35
35
35
35
35
35
35
35
35
35
35
35
35
35
35
35
35
35
35
35
35
35
35
35
35
35
35
35
35
35
35
35
35
35
35
35
35
36
36
36
36
36
36
36
36
36
36
36
36
36
36
36
36
36
36
36
36
36
36
36
36
36
36
37
37
37
37
37
37
37
37
37
37
37
37
37
37
37
37
37
37
38
38
38
38
39
39
39
39
39
39
39
39
39
39
39
39
39
39
39
39
39
39
39
39
39
39
39
39
39
39
39
39
39
39
39
40
40
40
40
40
40
40
40
40
40
40
40
40
40
40
40
40
40
40
40
40
40
41
41
41
41
41
41
41
41
41
41
41
41
41
41
41
41
41
41
41
41
41
41
41
41
41
41
41
41
41
41
41
42
42
42
42
42
42
42
42
42
42
42
42
42
42
42
42
42
42
42
43
43
43
43
43
43
43
43
43
43
43
43
43
43
43
43
43
43
43
43
43
43
44
44
44
44
44
44
44
44
44
44
44
44
44
44
44
44
44
44
44
44
44
44
44
44
44
44
44
44
44
44
44
44
44
44
44
45
45
45
45
45
45
45
45
45
45
45
45
45
45
45
45
45
45
45
45
45
45
45
45
45
45
45
45
45
45
45
45
45
45
45
45
45
45
45
45
46
46
46
46
46
46
46
46
46
46
46
46
46
46
46
47
47
47
47
47
47
47
47
47
47
47
47
47
47
47
47
47
47
47
47
47
47
47
47
47
48
48
48
48
48
48
48
48
48
48
48
48
48
48
48
48
48
48
48
48
48
48
48
48
48
48
48
48
48
48
48
48
48
48
49
49
49
49
50
50
51
51
51
51
51
51
51
51
51
51
51
51
51
51
51
51
51
51
51
51
51
51
51
51
51
51
51
51
51
51
51
51
51
51
51
51
51
51
51
51
51
51
51
51
51
52
52
52
52
52
52
52
52
52
52
52
52
52
52
52
52
52
52
52
52
52
52
52
52
52
52
52
52
52
52
52
53
53
53
53
53
53
53
53
53
53
53
53
53
53
53
53
53
53
53
53
53
53
53
53
53
53
53
53
53
53
53
53
53
53
53
53
53
53
53
53
53
53
53
54
54
54
54
54
54
54
54
54
54
54
54
54
54
54
54
54
54
54
54
54
54
54
54
54
54
54
54
54
54
54
54
54
54
54
54
54
54
54
54
54
54
54
54
55
55
55
55
55
55
55
55
55
55
55
55
55
55
55
55
55
55
55
55
55
55
55
55
55
55
55
55
55
55
55
55
55
55
55
55
55
55
55
55
55
55
55
55
55
55
55
55
55
55
55
56
56
56
56
56
56
56
56
56
56
56
56
56
56
56
56
56
56
56
56
56
56
56
56
56
56
56
56
56
56
56
56
57
57
57
57
57
57
57
57
57
57
57
57
57
57
57
57
57
57
57
57
57
57
57
57
57
57
57
57
57
58
58
58
58
58
58
58
58
58
58
58
58
58
58
58
58
58
59
59
59
59
59
59
59
59
59
59
59
59
59
59
59
59
59
59
59
59
59
59
59
59
59
59
59
59
60
60
60
60
60
60
60
60
60
60
60
60
60
60
60
60
60
60
60
60
60
60
60
60
60
60
60
60
60
60
60
60
61
61
61
61
61
61
61
61
61
61
61
61
61
61
61
61
61
61
61
61
61
61
61
61
61
61
61
62
62
62
62
62
62
62
62
62
62
62
62
62
62
62
62
62
62
62
62
62
62
62
62
62
62
62
62
62
62
62
62
62
62
62
62
62
62
63
63
63
63
63
63
63
63
63
63
63
63
64
64
64
64
64
64
64
64
64
64
64
64
64
64
64
64
64
64
64
64
64
64
64
64
65
65
65
65
65
65
65
65
65
65
65
65
65
65
65
65
65
65
65
65
65
65
65
65
65
65
65
65
65
65
65
65
65
65
65
66
66
66
66
66
66
66
66
66
66
66
66
66
66
66
66
66
66
66
66
66
66
66
66
67
67
67
67
67
67
67
67
67
67
67
67
67
67
67
67
67
67
67
67
67
68
68
68
68
68
68
68
68
68
68
68
68
68
68
68
68
68
68
68
69
69
69
69
69
69
69
69
69
69
69
69
69
69
69
70
70
70
70
70
70
70
70
70
70
70
70
70
70
70
70
70
70
70
70
70
70
70
70
70
70
70
70
70
70
70
70
70
70
70
70
71
71
71
71
71
71
71
71
71
71
71
71
71
71
71
71
71
71
71
71
71
71
71
71
71
71
71
71
71
71
71
71
72
72
72
72
73
73
74
74
74
74
74
74
74
74
74
74
74
74
74
74
74
75
75
75
75
75
75
75
75
75
76
76
76
76
76
76
76
76
76
76
76
77
77
77
77
77
77
77
77
77
77
77
77
77
77
77
77
77
77
77
77
77
77
77
77
78
78
78
78
78
78
78
78
78
78
78
78
79
79
79
79
79
79
79
79
79
79
79
79
79
79
80
80
80
80
80
80
80
80
80
80
80
80
80
80
80
80
80
80
80
80
80
80
80
80
80
80
80
80
80
81
81
81
81
81
81
81
81
81
82
82
82
82
82
82
82
82
82
82
82
82
82
82
82
82
82
82
82
82
82
82
82
82
83
83
83
83
83
83
83
83
83
83
83
83
83
83
83
83
83
83
83
83
83
83
83
83
83
83
83
83
83
84
84
85
85
85
85
85
85
85
85
85
85
85
85
85
85
85
85
85
85
85
85
85
85
85
85
85
85
85
85
85
85
85
85
85
85
85
85
85
85
85
85
85
85
85
85
85
85
85
85
85
85
85
85
85
85
86
86
86
86
86
86
86
86
86
86
86
86
86
86
86
86
86
86
86
86
86
86
86
86
86
87
87
87
87
87
87
87
87
87
87
87
87
87
87
87
87
87
87
87
88
88
88
88
88
88
88
88
88
88
88
88
88
88
89
89
89
89
89
89
89
89
89
89
89
89
89
89
89
89
89
89
89
89
89
89
90
90
90
90
90
90
90
90
90
90
90
90
90
90
90
90
90
90
90
90
90
91
91
91
91
91
91
91
91
91
91
91
91
91
91
91
91
91
91
91
91
91
91
91
91
91
91
92
92
92
92
92
92
92
92
92
92
92
92
92
92
92
92
92
92
93
93
93
93
93
93
93
93
93
93
93
93
93
93
93
94
94
94
94
94
94
94
94
94
94
94
94
94
94
94
94
94
94
94
94
94
94
94
94
94
94
95
95
96
96
96
96
97
97
97
97
97
97
97
97
97
97
97
97
97
97
97
97
97
97
97
97
97
97
97
97
97
97
97
97
97
97
97
97
97
97
97
97
97
97
97
97
98
98
98
98
98
98
98
98
98
98
98
98
98
98
98
98
98
98
98
98
98
98
98
98
98
98
98
98
98
98
98
98
98
98
98
98
98
98
99
99
99
99
99
99
99
99
99
99
100
100
100
100
100
100
100
100
100
100
100
100
100
100
100
100
100
100
100
100
100
100
100
100
100
100
100
100
100
100
100
100
100
100
101
101
101
101
101
101
101
101
101
101
101
101
101
101
101
102
102
102
102
102
102
102
102
102
102
102
102
102
102
102
102
102
102
102
102
102
102
102
102
102
103
103
103
103
103
103
103
103
103
103
103
103
103
103
103
103
103
103
103
103
103
103
103
103
103
103
103
103
103
104
104
104
104
104
104
104
104
104
104
104
104
104
104
104
104
104
104
104
104
104
104
104
104
104
104
104
104
104
104
104
104
104
104
104
104
104
104
104
104
104
104
104
104
104
104
105
105
105
105
105
105
105
105
105
105
105
105
105
105
105
105
105
105
105
105
105
105
105
105
105
105
105
105
105
105
105
105
105
105
105
105
105
105
105
105
105
105
105
105
105
105
105
105
105
105
105
105
105
105
105
105
105
105
105
105
105
105
105
105
105
105
105
105
105
105
105
105
105
105
105
106
106
106
106
106
106
106
106
106
106
106
106
106
106
106
106
106
106
106
106
107
107
107
107
108
108
108
108
108
108
108
108
108
108
108
108
108
108
108
108
108
108
108
108
108
108
108
108
108
108
108
108
108
108
108
108
109
109
109
109
109
109
109
109
109
109
109
109
109
109
109
109
109
109
109
109
109
109
109
109
109
109
109
109
109
109
109
109
109
109
109
109
109
110
110
110
110
110
109
109
109
109
109
109
109
109
109
109
109
109
109
109
109
109
109
109
109
109
109
109
109
109
109
109
109
109
109
109
109
110
110
110
110
110
110
110
110
110
110
110
110
110
110
110
110
110
110
110
110
110
110
110
110
110
111
111
111
111
111
111
111
111
111
111
111
111
111
111
111
111
111
111
111
111
111
111
111
111
111
112
112
112
112
112
112
112
112
112
112
112
112
112
112
112
112
112
112
112
112
112
112
112
112
112
112
112
112
112
112
112
112
113
113
113
113
113
113
113
113
113
113
113
113
113
113
113
113
113
113
113
113
113
113
113
114
114
114
114
114
114
114
114
114
114
114
114
114
114
114
114
114
114
114
114
114
114
114
114
114
114
114
114
114
114
114
114
115
115
115
115
115
115
115
115
115
115
115
115
115
115
115
115
115
115
115
115
115
115
115
115
115
115
115
115
115
115
115
115
115
115
115
115
116
116
116
116
116
116
116
116
116
116
116
116
116
116
116
116
116
116
116
116
116
116
116
116
116
116
116
116
117
117
117
117
117
117
117
117
117
117
117
117
117
117
117
117
117
117
117
117
117
117
117
117
117
117
117
117
117
117
117
117
117
117
117
117
117
117
117
117
117
117
117
117
117
117
117
117
117
117
117
117
117
117
117
117
117
118
118
118
119
119
119
119
119
119
119
119
119
119
119
119
119
119
119
119
119
119
120
120
120
120
120
120
120
120
120
120
120
120
120
120
120
120
120
120
120
120
120
120
120
120
120
120
120
120
120
120
120
120
120
120
120
120
120
120
120
120
120
120
120
120
120
120
120
120
120
120
120
120
120
120
120
120
120
120
120
120
120
120
120
120
120
120
120
120
120
120
120
120
120
120
120
120
121
121
121
121
121
121
121
121
121
121
121
121
121
121
121
121
121
121
121
121
122
122
122
122
122
122
122
122
122
122
122
122
122
122
122
122
122
122
122
122
122
122
123
123
123
123
123
123
123
123
123
123
123
123
123
123
123
123
123
123
124
124
124
124
124
124
124
124
124
124
124
124
124
124
124
124
124
124
124
124
124
124
124
124
124
124
124
124
124
124
124
124
124
125
125
125
125
125
125
125
125
125
125
125
125
125
125
125
125
125
125
125
125
125
125
125
125
125
125
125
125
125
125
125
125
125
125
125
125
125
126
126
126
126
126
126
126
126
126
126
126
126
126
126
126
126
126
126
126
126
126
126
126
127
127
127
127
127
127
127
127
127
127
127
127
127
128
128
128
128
128
128
128
128
128
128
128
128
128
128
129
129
129
129
129
129
129
129
129
129
129
129
129
129
129
129
129
129
129
129
129
129
129
129
129
129
129
129
130
131
131
131
131
131
131
131
131
131
131
131
131
131
131
131
131
131
131
132
132
132
132
132
132
132
132
132
132
132
132
132
132
132
132
132
132
132
132
132
132
133
133
133
133
133
133
133
133
133
133
133
133
133
133
133
133
133
133
134
134
134
134
134
134
134
134
134
134
134
134
134
134
134
134
134
134
134
134
134
134
134
135
135
135
135
135
135
135
135
135
135
135
135
135
135
135
135
135
135
135
135
135
135
135
135
135
135
135
135
135
135
135
135
136
136
136
136
136
136
136
136
136
136
136
136
136
136
136
136
136
136
136
136
136
136
136
136
136
136
136
136
136
136
136
136
136
136
137
137
137
137
137
137
137
137
137
137
137
137
137
137
137
137
137
137
137
138
138
138
138
138
138
138
138
138
138
138
138
138
138
138
138
139
139
139
139
139
139
139
139
139
139
139
139
139
139
139
139
139
139
139
139
139
139
139
139
139
139
139
139
139
139
139
139
139
140
140
140
140
140
140
140
140
140
140
140
140
140
140
140
140
140
140
140
140
140
143
143
143
143
143
143
143
143
143
143
143
143
143
143
143
143
143
143
143
143
143
143
143
143
144
144
144
144
144
144
144
144
144
144
144
144
144
144
144
144
144
144
144
144
144
144
145
145
145
145
145
145
145
145
145
145
145
145
145
145
145
145
145
145
145
145
145
145
146
146
146
146
146
146
146
146
146
146
146
146
146
146
146
147
147
147
147
147
147
147
147
147
147
147
147
147
147
147
147
147
147
147
147
148
148
148
148
148
148
148
148
148
148
148
148
148
148
148
148
148
149
149
149
149
149
149
149
149
149
149
149
149
149
149
149
149
149
149
149
149
149
149
150
150
150
150
150
150
150
150
150
151
151
151
151
151
151
151
151
151
151
151
152
152
152
152
152
152
152
152
152
152
152
152
152
152
152
157
157
157
157
157
157
157
158
158
158
158
158
158
158
158
158
158
158
159
159
159
159
159
159
159
159
159
159
159
159
159
159
159
159
159
159
159
159
160
160
160
160
160
160
160
160
160
160
161
161
161
161
161
161
161
161
161
161
161
161
161
161
161
161
161
162
162
162
162
162
162
162
162
162
162
162
162
162
162
162
162
162
162
162
162
162
162
162
162
162
162
162
162
162
162
162
162
163
163
163
163
163
163
163
163
163
163
163
163
163
163
163
163
163
163
163
163
163
163
163
163
163
163
163
163
163
163
163
163
163
164
166
166
166
166
166
166
166
166
166
166
166
166
166
166
166
166
166
166
166
166
167
167
167
167
167
167
167
167
167
167
167
167
167
167
168
168
168
168
168
168
168
168
168
169
169
169
169
169
169
169
169
169
169
169
170
170
170
170
170
170
170
170
170
170
170
170
170
170
170
170
170
170
170
170
170
171
171
171
171
171
171
171
171
171
171
171
171
171
172
172
172
172
172
172
172
172
172
172
172
172
172
172
172
172
172
172
173
173
173
173
173
173
173
173
173
173
173
173
173
173
173
173
174
174
174
174
174
174
174
174
174
174
174
174
174
174
174
174
174
174
174
174
174
174
175
175
175
175
175
175
175
175
175
175
175
175
175
175
175
175
175
175
175
175
175
175
175
175
175
175
175
175
177
177
177
177
177
177
177
177
177
177
177
177
177
177
177
177
177
177
177
177
177
177
177
177
177
177
177
177
177
177
178
178
178
178
178
178
178
178
178
178
178
178
178
178
178
178
178
178
178
178
178
178
178
178
178
178
179
179
179
179
179
179
179
179
179
179
180
180
180
180
180
180
180
180
180
180
180
180
180
180
180
180
180
180
180
180
180
180
180
180
181
181
181
181
181
181
181
181
181
181
181
181
181
181
181
181
181
181
181
181
181
181
182
182
182
182
182
182
182
182
182
182
182
182
182
182
182
182
182
183
183
183
183
183
183
183
183
183
183
183
183
183
184
184
184
184
184
184
184
184
184
184
184
184
184
184
185
185
185
185
185
185
185
185
185
185
185
185
185
185
185
185
185
185
185
185
185
185
185
185
186
186
186
186
186
186
186
186
186
186
186
186
186
187
187
189
189
189
189
189
189
189
189
189
189
189
189
189
189
189
189
189
189
189
189
189
190
190
190
190
190
190
190
190
190
190
190
190
190
190
190
190
190
190
191
191
191
191
191
192
192
192
192
192
192
192
192
192
193
193
193
193
193
193
193
193
194
194
194
194
194
194
194
194
194
195
195
195
195
195
195
195
195
195
195
195
195
195
195
195
195
195
195
196
196
196
196
196
196
196
196
196
196
197
197
197
197
197
197
197
197
197
198
198
198
198
198
198
198
198
198
198
198
198
198
198
198
198
198
198
198
198
198
198
198
198
198
198
198
198
198
200
200
200
200
200
200
200
200
200
200
200
200
200
201
201
201
201
201
201
201
201
201
201
201
201
201
201
201
201
201
202
202
202
202
202
202
202
202
202
202
203
203
203
203
203
203
203
203
203
203
204
204
204
204
204
204
204
204
204
204
204
204
204
204
204
204
204
204
204
204
204
204
204
204
204
204
204
204
204
204
204
204
204
204
204
204
204
204
204
204
204
204
204
204
205
205
205
205
205
205
205
205
205
205
205
205
205
205
205
205
205
205
205
205
205
205
205
205
205
205
205
205
205
205
205
205
205
205
205
205
205
205
205
205
205
205
205
205
205
205
205
205
205
205
205
205
205
205
205
205
205
205
205
205
205
205
205
205
205
205
205
205
205
205
205
205
205
205
205
205
205
205
205
205
205
205
205
205
205
205
205
205
205
205
205
205
205
205
205
205
205
205
206
206
206
206
206
206
206
206
207
207
207
207
207
207
207
207
207
207
207
207
207
207
207
207
207
207
207
207
208
208
208
208
208
208
209
209
209
209
209
209
209
209
209
209
209
209
209
211
211
211
211
211
211
211
212
212
212
212
212
212
212
212
212
212
212
212
212
212
212
212
213
213
213
213
213
213
213
213
214
214
214
214
214
214
214
214
214
214
214
214
214
214
214
214
215
215
215
215
215
215
215
215
215
215
215
215
215
215
215
216
216
216
216
216
216
216
216
216
216
216
217
217
217
217
217
217
217
217
217
217
217
217
217
217
218
218
218
218
218
218
218
218
218
218
218
218
218
219
219
219
219
219
219
219
219
219
219
219
219
219
219
219
219
220
220
220
220
220
220
220
220
220
220
220
220
220
220
220
220
220
221
221
221
221
221
221
221
221
221
221
221
221
221
221
221
223
223
223
223
223
223
223
223
223
223
224
224
224
224
224
224
224
224
224
224
224
224
224
225
225
225
225
225
225
225
225
225
225
225
225
225
226
226
226
226
226
226
226
226
227
227
227
227
227
228
228
228
228
228
228
228
228
228
228
228
228
228
228
229
229
229
229
229
229
229
229
230
230
230
230
230
230
230
230
230
230
230
230
230
230
230
230
230
230
230
230
230
230
230
230
230
230
230
231
231
231
231
231
231
231
231
231
231
231
232
232
232
232
232
232
232
232
232
232
232
232
232
232
232
232
232
232
232
232
232
232
232
232
232
232
232
232
234
234
234
234
234
234
234
234
234
234
235
235
235
235
235
235
235
235
235
235
235
235
235
235
235
235
235
235
235
235
235
235
235
235
235
235
235
235
235
235
235
235
235
235
235
235
235
235
235
235
235
235
235
235
235
235
235
235
235
235
235
235
235
235
235
235
235
235
235
235
235
235
235
235
235
235
235
235
235
235
235
235
235
235
236
236
236
236
236
236
236
236
236
236
236
236
236
236
236
236
236
236
236
236
236
236
236
236
236
236
237
237
237
238
238
238
238
238
238
239
239
239
239
239
239
239
239
239
240
240
240
240
240
240
240
240
240
240
240
240
240
240
240
241
241
241
241
241
241
241
241
241
242
242
242
242
242
242
242
242
242
242
242
242
242
242
242
242
242
242
242
242
242
242
242
242
242
242
242
242
242
242
242
242
242
242
242
242
242
242
242
243
243
243
243
243
243
243
243
243
243
243
243
244
244
244
244
244
244
244
244
244
244
244
244
244
244
244
244
244
244
244
244
244
245
246
246
246
246
246
246
246
246
246
246
246
246
247
247
247
247
247
247
247
247
247
247
247
247
248
248
248
248
248
248
248
248
248
249
249
249
249
249
249
249
249
249
249
250
250
250
250
250
250
250
250
250
250
250
250
250
251
251
251
251
251
251
251
251
251
251
252
252
252
252
252
252
252
252
252
252
253
253
253
253
253
253
253
253
253
253
254
254
254
254
254
254
254
254
254
254
254
254
254
254
254
254
254
254
254
254
254
255
255
255
255
255
255
255
255
255
255
255
255
255
255
255
255
255
255
255
255
255
255
255
255
255
255
255
255
255
255
255
255
255
255
255
255
255
255
255
255
255
255
255
255
255
255
255
255
255
255
258
258
258
258
258
258
258
258
258
258
258
258
258
258
258
258
258
258
258
259
259
259
259
259
259
260
260
260
260
260
260
260
260
260
260
261
261
261
261
261
261
261
261
261
261
261
261
261
261
262
262
262
262
262
262
262
262
262
262
262
262
262
262
262
262
263
263
263
263
263
263
263
263
263
263
263
263
263
263
264
264
264
264
265
265
265
265
265
265
265
265
265
265
265
266
266
266
266
266
266
266
266
266
266
266
266
266
267
267
267
267
267
267
267
267
267
267
267
267
267
267
267
267
267
267
267
267
267
267
267
267
269
269
269
269
269
269
269
269
269
269
269
269
269
269
269
269
270
270
270
270
270
270
270
270
270
270
270
270
270
271
271
271
271
271
272
272
272
272
272
272
273
273
273
273
273
273
273
273
274
274
274
274
274
274
274
274
274
274
274
274
275
275
275
275
275
275
275
275
275
275
275
275
275
275
275
275
275
275
275
275
275
275
275
275
275
275
275
275
275
275
275
275
275
275
275
275
275
275
276
276
276
276
276
276
277
277
277
277
277
277
277
277
277
278
278
278
278
278
278
278
278
278
278
278
278
278
278
278
278
281
281
281
281
281
281
281
281
281
281
281
281
281
281
281
281
281
282
282
282
282
282
282
282
282
282
282
282
282
282
282
283
283
283
283
283
283
283
283
283
283
283
283
283
284
284
284
284
284
284
284
284
284
285
285
285
285
285
285
285
285
285
285
285
285
285
285
285
285
285
285
285
285
286
286
286
286
286
286
286
286
286
286
286
287
287
287
287
287
287
288
288
288
288
288
288
288
288
288
288
288
289
289
289
289
289
289
289
289
289
289
289
290
290
290
290
290
290
290
290
290
290
290
290
290
290
290
290
290
290
290
290
290
290
290
290
290
290
291
292
292
292
292
292
292
292
292
292
292
292
292
292
292
292
292
292
292
292
292
292
292
292
292
292
292
292
292
292
292
293
293
293
293
293
293
293
293
293
293
293
293
293
294
294
294
294
294
294
294
294
294
294
294
294
294
294
294
294
294
294
295
295
295
295
295
295
295
295
295
295
295
295
296
296
296
296
296
297
297
297
297
297
297
297
297
297
297
297
297
297
297
298
298
298
298
298
298
298
299
299
299
299
299
299
299
299
299
299
299
300
300
300
300
300
300
300
300
300
300
300
301
301
301
301
301
301
301
301
301
301
301
301
301
301
301
301
301
302
304
304
304
304
304
304
304
304
304
304
304
304
304
304
304
304
304
304
304
304
304
304
304
304
304
304
304
304
304
304
304
304
304
305
305
305
305
305
305
305
305
305
305
305
305
305
305
305
305
305
305
305
305
305
305
305
305
305
305
305
305
305
305
305
305
305
305
305
305
305
305
305
305
305
305
305
305
305
305
305
305
305
305
305
305
305
305
305
305
305
305
305
305
305
305
305
305
305
305
305
305
305
305
305
305
305
305
305
306
306
306
306
306
306
306
306
306
306
307
307
307
307
307
307
308
308
308
308
308
308
308
308
308
308
308
308
308
309
309
309
309
309
309
309
310
310
310
310
310
310
310
311
311
311
311
311
311
311
311
311
312
312
312
312
313
313
313
313
313
313
315
315
315
315
315
315
315
315
315
315
315
315
315
315
316
316
316
316
316
316
317
317
317
317
317
318
318
318
318
318
319
319
319
319
319
319
320
320
320
320
320
320
320
321
321
321
322
322
322
322
322
322
322
322
322
323
323
323
323
323
323
323
324
324
324
324
324
324
324
324
324
324
324
324
324
324
324
325
325
327
327
327
327
327
327
327
327
327
327
327
327
327
327
327
327
328
328
328
328
328
328
328
328
329
329
329
329
329
329
329
330
330
330
330
330
330
330
330
331
331
331
332
332
332
332
333
333
333
333
333
334
334
334
334
334
334
334
334
334
334
335
335
335
335
335
335
335
335
335
335
335
335
335
335
335
335
335
335
336
336
336
336
336
336
336
336
338
338
338
338
338
338
338
338
339
340
340
340
340
340
340
341
341
341
341
341
341
341
342
342
342
342
342
342
342
343
343
343
343
343
343
343
343
344
344
344
344
345
345
345
345
345
345
345
345
345
345
345
345
345
345
345
346
346
346
346
346
347
347
347
347
347
347
347
347
347
347
347
347
347
347
347
347
347
347
347
347
348
350
350
350
350
350
350
350
350
350
350
350
350
350
350
350
350
350
350
350
350
350
350
350
350
350
350
350
350
350
350
350
350
350
350
350
350
350
350
350
350
350
350
350
351
351
351
351
352
352
352
352
352
352
352
352
352
352
352
352
352
352
353
353
353
353
354
354
354
354
354
354
354
354
355
355
355
355
355
355
355
355
355
355
355
355
355
355
355
355
355
355
355
355
355
356
356
356
356
356
356
356
356
356
357
357
357
357
358
358
358
358
358
358
358
358
358
358
358
358
358
358
358
358
358
358
358
358
358
358
358
358
358
358
358
359
359
359
359
359
359
361
361
361
361
361
361
361
361
361
361
361
361
361
361
361
362
362
362
362
362
363
363
363
363
364
364
364
364
365
365
365
365
365
365
365
366
366
366
366
367
367
367
367
367
368
368
368
368
368
369
369
369
369
369
370
370
370
370
370
370
370
373
373
373
373
373
374
374
374
374
374
375
375
375
375
375
375
375
376
376
376
377
377
377
377
377
377
378
378
378
378
378
378
378
378
378
378
378
379
379
379
380
380
380
380
380
380
380
380
380
381
381
381
382
382
382
382
382
382
382
382
382
382
383
384
384
384
384
384
384
384
384
384
384
384
384
385
385
385
385
385
385
385
385
385
385
385
385
385
385
385
385
385
386
386
386
386
386
387
388
388
388
388
388
389
389
389
389
389
389
390
390
390
391
391
391
391
391
391
392
392
392
392
392
392
392
392
392
392
392
392
393
393
393
393
393
393
393
393
393
393
393
396
396
396
396
396
396
396
396
396
396
396
396
396
396
396
397
397
397
397
397
397
398
398
398
398
398
398
398
398
399
399
399
399
399
399
399
399
399
399
400
400
400
400
400
400
400
400
400
400
400
400
400
400
400
401
401
401
401
401
401
401
401
401
402
402
402
402
402
402
402
402
402
402
402
402
403
403
403
403
403
403
403
403
403
403
403
404
404
404
404
404
404
404
404
404
404
404
404
404
404
404
404
404
404
404
404
404
404
404
404
404
404
404
404
405
405
405
405
405
405
405
405
405
405
405
405
405
405
405
405
405
405
405
405
405
405
405
405
405
405
405
405
405
405
405
405
405
405
405
405
405
405
405
405
405
405
405
405
405
405
405
405
405
405
405
405
405
405
405
405
405
405
405
405
405
405
405
405
405
405
406
406
406
407
407
407
407
407
407
407
407
407
407
407
407
407
407
407
407
407
407
407
407
407
407
407
407
407
408
408
408
408
409
409
409
409
409
409
409
409
409
410
410
410
410
411
411
411
411
411
411
411
411
411
411
411
411
411
411
411
411
412
412
412
412
413
413
413
413
413
414
414
414
414
414
415
415
415
415
415
416
416
416
416
416
416
416
416
416
416
416
416
419
419
419
419
419
419
420
420
420
420
420
420
420
421
421
421
421
421
421
421
421
422
422
422
422
422
422
422
422
423
423
424
424
424
424
424
425
425
425
425
425
425
425
425
425
425
426
426
426
426
426
426
427
427
428
428
428
428
428
428
430
430
430
430
430
430
430
430
430
431
431
431
431
431
433
433
433
433
433
433
434
434
434
435
435
435
435
435
435
435
435
435
435
435
435
436
436
437
437
437
437
437
438
438
438
438
438
438
439
439
439
439
439
442
442
442
442
442
443
443
443
443
443
443
443
444
444
444
444
444
444
444
444
444
445
445
445
446
446
446
446
446
446
447
447
448
449
449
449
449
449
450
450
450
450
450
450
450
450
451
451
451
451
451
451
451
451
451
453
453
453
453
453
453
453
453
453
453
453
453
453
453
454
454
454
454
454
454
454
454
455
455
455
455
455
455
455
455
455
455
455
455
455
455
455
455
455
455
455
456
456
456
456
456
456
456
456
456
456
456
457
458
458
458
458
459
459
459
459
459
459
459
459
459
459
460
460
460
460
461
461
461
461
462
462
462
462
462
462
462
462
462
462
462
462
464
464
465
465
465
465
465
465
465
465
465
465
465
465
465
465
465
465
465
465
465
465
465
465
465
465
465
465
465
465
465
465
465
465
465
465
465
465
465
466
466
466
466
466
466
466
466
467
467
467
468
468
469
469
470
470
470
470
470
471
472
472
472
472
472
472
473
473
473
473
473
473
473
473
473
473
474
474
474
474
476
476
476
476
476
476
476
476
477
477
477
477
477
478
478
478
478
478
478
478
478
479
479
479
479
479
480
480
480
480
480
481
481
481
481
481
481
481
481
481
481
481
481
481
482
482
482
482
483
483
483
483
483
484
484
484
484
484
485
485
485
485
485
485
485
485
485
485
485
485
485
485
485
487
488
488
488
488
489
489
489
490
490
490
490
490
490
491
491
492
492
492
492
493
493
493
493
493
493
493
493
493
493
493
493
494
494
494
494
495
496
496
496
496
497
497
497
497
499
499
499
499
499
499
499
499
499
499
500
500
500
500
500
500
500
500
500
500
501
501
501
501
501
501
501
501
502
502
502
502
502
503
503
503
503
503
503
504
504
504
504
504
504
504
504
504
504
504
504
504
504
504
504
504
504
504
504
505
505
505
505
505
505
505
505
505
505
505
505
505
505
505
505
505
505
505
505
505
505
505
505
505
505
505
505
505
505
505
505
505
505
505
505
505
505
505
505
505
505
505
505
505
505
505
505
505
505
505
505
505
505
505
505
505
505
505
505
505
505
505
505
505
505
505
505
505
506
506
506
507
507
507
508
508
508
508
508
508
508
508
510
511
511
511
511
511
511
511
512
512
512
512
512
513
513
513
513
513
513
514
515
515
515
515
515
515
515
516
516
516
516
517
517
517
517
517
517
517
518
518
518
518
518
518
519
519
519
519
519
520
520
520
520
520
520
520
522
522
522
522
522
522
522
522
522
522
522
522
522
523
523
524
524
524
524
524
524
525
525
525
525
525
525
525
525
525
525
525
525
525
525
526
526
526
526
526
526
526
527
527
527
527
527
527
527
528
528
528
528
528
529
529
529
530
530
530
530
530
530
530
530
530
530
530
530
530
530
530
530
530
530
530
531
531
531
531
531
532
534
534
534
534
534
534
534
534
535
535
535
536
536
536
536
537
537
537
537
537
537
537
538
538
538
539
539
539
539
539
540
540
540
540
540
541
541
542
542
542
542
542
542
542
543
543
543
543
543
543
543
543
543
543
545
545
545
545
545
546
547
547
547
547
547
547
549
549
549
549
549
549
549
549
549
550
550
550
550
550
550
550
551
551
551
552
552
552
552
552
553
553
553
553
554
554
554
554
554
554
554
554
554
554
554
554
554
554
557
557
558
558
558
558
559
559
559
560
560
560
561
561
561
562
562
563
563
563
564
564
564
564
564
564
565
565
565
565
565
565
565
565
565
565
565
566
566
566
566
566
566
568
568
568
568
568
568
569
569
569
569
569
570
571
571
572
572
572
572
572
572
572
572
573
573
574
574
574
574
574
574
575
575
575
575
575
575
575
575
576
576
576
576
576
576
576
576
577
577
577
577
577
577
577
577
577
577
580
580
580
580
580
580
580
580
580
580
580
580
580
580
580
580
580
580
580
580
580
580
580
580
580
580
580
580
580
580
580
580
580
580
580
580
580
580
580
580
580
580
580
580
580
580
580
580
580
580
580
580
580
580
580
580
580
580
580
580
580
580
580
580
580
580
580
580
580
580
580
580
580
580
580
580
580
580
580
580
580
580
580
580
580
580
580
580
580
580
580
580
580
580
580
580
580
580
581
581
581
582
582
583
583
583
584
584
584
585
585
585
585
585
585
585
585
586
586
586
586
586
587
588
588
588
589
589
589
589
591
591
591
591
591
592
593
593
594
594
594
594
594
594
594
595
595
595
595
595
595
595
596
596
596
596
596
596
596
596
596
596
596
596
596
596
596
596
596
596
596
596
596
596
596
596
596
596
596
596
596
596
596
596
596
597
597
597
598
598
598
598
598
599
599
599
599
600
600
600
603
603
603
603
603
603
603
603
603
603
603
603
604
604
604
604
604
604
604
604
604
604
604
604
604
605
605
605
605
605
605
605
605
605
605
605
605
605
605
605
605
605
605
605
605
605
605
605
605
605
605
605
605
605
605
605
606
606
607
607
607
607
608
608
608
609
609
609
609
610
610
610
610
610
610
611
611
611
611
612
612
614
614
614
615
615
615
615
615
615
617
617
618
618
620
620
620
621
621
621
622
622
622
623
623
623
623
623
623
623
623
623
623
623
626
626
626
626
626
628
628
628
629
629
629
630
630
630
630
630
630
630
630
630
630
630
632
632
633
634
634
634
634
634
635
635
635
635
635
635
635
635
635
635
635
635
637
637
637
637
637
637
637
637
637
637
638
639
639
639
640
640
641
641
642
642
642
642
642
642
643
643
643
644
645
645
645
645
649
649
649
650
650
651
651
652
652
652
652
654
654
654
654
654
655
655
655
655
655
655
655
655
655
655
655
655
655
655
656
656
656
656
656
656
656
656
657
657
658
660
660
660
660
660
661
661
661
661
661
662
662
662
663
663
663
663
663
663
663
663
663
663
663
663
663
663
664
664
664
665
665
665
665
665
665
665
666
666
666
666
667
669
669
669
669
669
669
669
669
672
673
674
674
674
674
674
675
675
675
675
676
676
676
676
677
677
677
677
678
678
678
678
678
678
678
678
679
680
680
680
681
681
683
683
683
683
683
683
683
683
683
683
683
683
683
683
684
685
685
685
685
685
687
688
688
688
689
689
689
690
690
690
690
691
691
691
691
691
691
691
691
691
691
691
691
691
692
692
692
692
692
692
692
692
695
695
695
695
695
695
695
695
695
695
695
695
695
695
695
695
695
695
695
695
695
695
695
696
696
696
696
697
698
698
699
699
699
699
700
700
701
702
702
702
702
703
703
703
703
703
703
704
704
704
704
704
704
704
704
704
704
704
704
704
704
704
704
704
704
704
704
704
704
704
704
704
704
704
704
706
706
706
706
706
707
708
708
709
710
710
711
711
711
711
711
712
712
712
712
713
714
715
715
715
718
718
718
718
720
720
721
721
721
722
722
723
724
724
724
724
724
724
724
725
725
726
726
727
727
727
729
730
730
733
735
735
735
735
735
735
736
736
738
741
741
741
742
742
743
743
743
743
744
744
744
746
746
746
746
746
748
748
749
749
749
750
750
750
752
752
752
752
752
752
752
752
752
752
752
752
752
752
752
752
752
753
753
753
753
755
755
755
755
755
755
755
755
755
755
755
755
755
755
755
755
756
756
757
757
758
758
759
760
761
761
761
764
764
764
764
764
765
765
765
766
768
769
769
770
771
772
773
773
775
776
776
777
778
778
779
779
779
779
779
782
782
783
783
783
783
784
784
784
784
784
784
784
784
784
784
784
784
784
785
787
787
787
788
789
789
789
790
790
790
790
790
791
791
791
791
792
792
792
792
792
793
793
793
793
793
793
793
794
794
794
794
794
794
795
795
795
795
795
795
795
795
795
796
796
796
796
798
798
798
799
800
800
800
800
800
801
802
802
802
802
802
803
803
803
803
804
804
804
804
804
804
804
805
805
805
805
805
805
805
805
805
805
805
805
805
805
805
805
805
805
805
805
805
805
805
805
805
805
805
805
805
806
806
806
806
806
806
806
806
807
807
807
810
810
810
810
810
810
810
810
810
810
810
810
810
810
810
810
810
810
810
810
810
811
811
812
813
814
814
814
814
815
815
815
816
817
817
817
818
819
819
820
821
821
821
821
821
822
822
823
824
825
828
828
828
828
829
829
829
829
829
829
829
829
830
830
830
832
833
833
835
835
835
835
835
835
837
838
838
838
838
839
839
839
840
840
842
842
844
845
845
846
846
846
847
847
847
847
848
849
850
850
851
851
851
851
852
852
852
853
853
853
853
853
853
853
853
856
856
856
858
859
859
860
861
861
862
862
862
862
862
863
863
863
864
864
864
865
865
865
866
866
867
867
867
868
868
868
868
869
870
871
872
872
872
872
874
876
879
880
881
881
881
881
882
884
885
885
885
886
886
886
886
887
887
887
888
888
888
890
891
892
893
893
893
894
895
895
895
895
896
897
898
899
899
899
902
902
902
903
903
903
903
904
904
904
904
904
904
904
904
904
904
905
905
905
905
905
905
905
905
905
905
905
905
906
908
908
909
910
910
911
911
913
914
915
915
915
915
915
915
915
915
916
916
916
917
918
918
919
920
920
920
920
921
921
921
921
922
922
922
922
922
922
922
922
922
922
922
923
924
924
925
925
925
925
925
925
925
925
925
925
925
925
925
925
925
925
925
926
926
927
927
927
927
927
927
927
927
927
927
927
927
927
927
927
928
929
930
930
930
931
931
931
933
933
933
934
935
936
937
938
938
939
940
940
941
941
941
942
942
942
942
942
943
943
943
943
944
944
945
945
945
948
948
950
951
953
954
954
954
954
954
955
955
955
955
955
955
956
957
957
960
960
961
963
964
965
965
968
971
972
972
974
974
974
974
974
974
975
975
976
976
976
977
978
978
978
978
980
982
982
982
982
982
983
984
987
988
988
990
991
991
991
994
994
996
996
997
998
998
998
999
999
999
999
999
999
1000
1000
1002
1002
1002
1002
1002
1003
1003
1003
1003
1003
1003
1003
1003
1003
1005
1005
1005
1005
1005
1005
1005
1005
1005
1005
1005
1005
1005
1005
1005
1005
1005
1005
1005
1005
1005
1005
1005
1005
1005
1005
1005
1005
1005
1005
1005
1005
1005
1005
1006
1006
1006
1007
1008
1009
1009
1009
1009
1011
1011
1012
1012
1014
1014
1014
1014
1014
1014
1016
1019
1020
1021
1021
1023
1023
1025
1025
1025
1026
1030
1031
1033
1034
1035
1035
1035
1035
1035
1035
1036
1036
1037
1040
1040
1040
1040
1040
1040
1040
1040
1040
1040
1040
1041
1043
1043
1044
1046
1047
1048
1049
1051
1051
1053
1054
1054
1054
1055
1055
1055
1055
1055
1055
1055
1057
1057
1057
1058
1060
1060
1063
1064
1065
1065
1065
1066
1066
1066
1066
1066
1067
1067
1067
1067
1067
1070
1070
1070
1071
1072
1074
1075
1075
1075
1075
1075
1076
1076
1080
1080
1080
1081
1082
1082
1083
1083
1086
1087
1087
1089
1089
1089
1089
1090
1090
1090
1090
1090
1090
1090
1091
1091
1092
1092
1093
1093
1093
1093
1094
1095
1097
1098
1098
1099
1099
1099
1100
1101
1102
1103
1103
1103
1104
1104
1104
1104
1104
1105
1105
1105
1105
1105
1105
1105
1105
1105
1105
1105
1105
1105
1105
1106
1109
1110
1111
1111
1114
1115
1115
1115
1115
1116
1117
1118
1122
1124
1125
1126
1127
1128
1132
1134
1135
1135
1135
1135
1137
1138
1139
1140
1140
1141
1141
1141
1145
1146
1147
1148
1148
1148
1148
1149
1149
1149
1149
1149
1149
1149
1149
1149
1149
1149
1149
1149
1149
1149
1150
1150
1151
1151
1151
1152
1152
1152
1152
1152
1152
1155
1155
1155
1155
1155
1155
1155
1155
1155
1155
1155
1155
1155
1155
1155
1155
1155
1155
1155
1155
1155
1155
1155
1155
1155
1155
1155
1155
1155
1155
1155
1155
1155
1155
1155
1155
1155
1155
1155
1155
1155
1155
1155
1155
1155
1155
1155
1155
1155
1155
1155
1155
1155
1156
1157
1157
1158
1161
1163
1166
1167
1167
1167
1167
1167
1171
1172
1172
1173
1173
1175
1178
1179
1180
1180
1181
1181
1182
1183
1183
1184
1184
1184
1184
1184
1184
1184
1184
1184
1184
1184
1184
1184
1184
1184
1184
1184
1185
1185
1190
1190
1190
1190
1190
1190
1192
1193
1193
1195
1196
1196
1197
1198
1201
1201
1201
1203
1203
1205
1205
1205
1205
1205
1205
1205
1205
1205
1205
1205
1205
1205
1205
1205
1205
1205
1205
1207
1207
1207
1208
1208
1212
1212
1217
1221
1224
1225
1225
1227
1227
1229
1229
1232
1232
1235
1237
1240
1241
1242
1243
1243
1247
1247
1249
1249
1250
1250
1254
1255
1255
1255
1255
1255
1255
1255
1255
1255
1255
1255
1255
1255
1255
1255
1255
1255
1255
1255
1256
1259
1259
1261
1261
1264
1264
1264
1266
1267
1267
1270
1270
1270
1270
1270
1270
1275
1277
1278
1279
1279
1285
1288
1290
1293
1293
1296
1297
1299
1300
1300
1301
1302
1304
1304
1304
1304
1305
1305
1305
1305
1305
1305
1305
1305
1305
1305
1305
1305
1305
1305
1305
1305
1306
1309
1311
1311
1313
1313
1316
1318
1318
1319
1320
1321
1321
1321
1321
1321
1321
1321
1321
1321
1321
1322
1322
1322
1323
1325
1334
1335
1335
1335
1336
1338
1340
1342
1348
1350
1352
1352
1352
1352
1352
1352
1353
1355
1355
1355
1355
1355
1355
1357
1358
1358
1362
1362
1362
1362
1362
1362
1362
1362
1362
1362
1362
1362
1362
1362
1363
1364
1364
1370
1371
1373
1374
1374
1374
1375
1377
1379
1379
1379
1379
1379
1380
1382
1385
1385
1385
1385
1387
1387
1387
1393
1393
1394
1396
1400
1400
1400
1401
1402
1404
1404
1404
1404
1404
1405
1405
1405
1405
1405
1405
1405
1405
1405
1405
1408
1412
1412
1412
1416
1420
1422
1423
1423
1424
1428
1433
1437
1437
1438
1438
1440
1442
1443
1443
1444
1445
1447
1449
1449
1451
1454
1454
1454
1455
1455
1455
1457
1458
1458
1465
1465
1466
1469
1469
1470
1470
1470
1472
1473
1474
1481
1483
1484
1485
1492
1493
1493
1493
1493
1493
1494
1494
1495
1495
1495
1496
1497
1500
1500
1500
1500
1500
1500
1500
1500
1500
1500
1500
1502
1504
1504
1504
1504
1504
1504
1504
1504
1504
1505
1505
1505
1505
1505
1505
1505
1505
1505
1505
1505
1505
1505
1505
1505
1505
1505
1505
1505
1505
1505
1505
1505
1505
1505
1505
1505
1505
1505
1505
1505
1505
1505
1505
1505
1506
1506
1506
1509
1511
1517
1517
1518
1518
1518
1518
1520
1520
1520
1523
1528
1529
1529
1530
1530
1534
1536
1536
1537
1538
1538
1540
1540
1542
1548
1548
1549
1550
1550
1552
1553
1554
1555
1555
1557
1564
1565
1565
1569
1569
1569
1569
1569
1569
1569
1569
1571
1572
1574
1574
1575
1575
1576
1576
1577
1577
1577
1578
1578
1584
1584
1584
1584
1584
1584
1584
1584
1587
1588
1589
1594
1594
1596
1597
1601
1601
1603
1604
1604
1604
1604
1604
1604
1605
1605
1605
1605
1606
1608
1609
1609
1612
1612
1612
1615
1615
1615
1616
1617
1620
1622
1624
1628
1628
1629
1630
1630
1630
1631
1631
1633
1633
1640
1640
1644
1644
1645
1646
1647
1647
1649
1649
1649
1649
1650
1651
1652
1653
1654
1654
1655
1658
1664
1667
1668
1670
1670
1670
1670
1670
1672
1673
1673
1675
1680
1683
1684
1685
1686
1689
1689
1689
1689
1689
1692
1693
1693
1695
1695
1695
1696
1696
1698
1698
1699
1702
1702
1702
1702
1702
1703
1704
1704
1704
1704
1704
1704
1704
1704
1704
1704
1704
1704
1707
1707
1709
1710
1711
1713
1714
1714
1715
1716
1716
1721
1721
1722
1722
1722
1722
1722
1722
1722
1722
1722
1722
1723
1723
1723
1724
1726
1727
1727
1730
1730
1730
1730
1730
1730
1730
1730
1730
1730
1730
1730
1730
1730
1730
1730
1730
1730
1730
1730
1730
1730
1730
1742
1745
1745
1745
1747
1748
1748
1754
1755
1756
1758
1760
1762
1764
1764
1765
1767
1767
1768
1772
1772
1773
1773
1773
1773
1773
1773
1773
1773
1773
1773
1779
1780
1781
1782
1790
1795
1795
1799
1800
1801
1803
1803
1803
1804
1804
1804
1804
1805
1805
1805
1805
1805
1805
1805
1805
1805
1805
1805
1807
1807
1810
1810
1811
1811
1811
1814
1819
1819
1819
1819
1819
1823
1825
1830
1830
1830
1831
1831
1831
1834
1836
1836
1837
1837
1837
1837
1837
1837
1839
1839
1842
1842
1842
1844
1845
1845
1845
1848
1848
1849
1854
1854
1858
1858
1858
1858
1860
1865
1870
1871
1873
1874
1875
1875
1875
1877
1880
1881
1881
1881
1881
1881
1881
1881
1881
1881
1881
1881
1881
1881
1882
1883
1885
1885
1887
1887
1887
1891
1891
1892
1893
1895
1896
1897
1900
1902
1902
1902
1902
1904
1904
1904
1904
1905
1905
1905
1905
1908
1908
1914
1915
1915
1915
1922
1922
1923
1923
1925
1932
1933
1934
1940
1942
1942
1942
1942
1944
1944
1944
1946
1946
1948
1951
1952
1952
1952
1952
1955
1955
1955
1955
1955
1959
1960
1960
1960
1960
1962
1962
1966
1971
1972
1975
1975
1975
1976
1976
1977
1979
1979
1979
1979
1979
1979
1979
1979
1979
1979
1980
1980
1983
1983
1983
1984
1984
1985
1985
1985
1985
1985
1985
1985
1985
1985
1985
1985
1990
1990
1992
1994
1994
1996
1999
1999
2000
2000
2000
2001
2001
2003
2003
2003
2003
2003
2003
2003
2003
2003
2003
2003
2003
2003
2003
2003
2003
2003
2003
2003
2003
2003
2003
2003
2003
2003
2003
2003
2003
2003
2003
2003
2003
2003
2003
2003
2003
2003
2003
2003
2003
2003
2003
2006
2006
2008
2008
2009
2010
2010
2014
2024
2025
2025
2025
2030
2033
2033
2034
2034
2034
2037
2037
2038
2038
2038
2043
2047
2048
2049
2049
2066
2069
2069
2075
2076
2077
2078
2086
2088
2091
2103
2104
2104
2105
2105
2105
2109
2111
2111
2111
2111
2112
2113
2113
2121
2123
2123
2123
2124
2130
2134
2136
2136
2137
2137
2138
2146
2147
2150
2152
2153
2153
2155
2168
2169
2171
2171
2175
2175
2175
2178
2181
2181
2181
2182
2190
2190
2190
2190
2190
2190
2191
2193
2194
2194
2194
2195
2195
2195
2196
2199
2199
2201
2201
2204
2204
2204
2205
2205
2205
2205
2205
2205
2205
2205
2205
2205
2206
2210
2216
2216
2216
2218
2225
2227
2227
2227
2227
2229
2230
2233
2239
2240
2245
2247
2247
2247
2247
2247
2249
2250
2253
2253
2255
2255
2255
2261
2262
2263
2263
2265
2266
2268
2268
2268
2270
2276
2277
2278
2283
2283
2284
2284
2285
2285
2286
2293
2293
2293
2294
2294
2294
2294
2294
2294
2294
2294
2294
2294
2294
2295
2296
2297
2298
2299
2300
2301
2302
2302
2302
2302
2302
2302
2302
2302
2302
2302
2305
2305
2305
2305
2305
2305
2305
2305
2305
2305
2305
2305
2305
2305
2305
2305
2305
2305
2305
2305
2305
2305
2305
2305
2305
2305
2305
2305
2305
2305
2305
2305
2305
2305
2305
2305
2305
2305
2305
2305
2308
2313
2316
2316
2321
2324
2328
2329
2329
2330
2331
2333
2334
2342
2342
2342
2342
2345
2345
2354
2354
2355
2360
2362
2362
2362
2363
2363
2363
2363
2363
2363
2363
2363
2363
2363
2363
2363
2363
2363
2365
2365
2369
2375
2377
2383
2386
2386
2388
2388
2391
2393
2393
2396
2397
2398
2400
2400
2401
2403
2403
2404
2404
2405
2405
2405
2410
2414
2416
2420
2420
2425
2431
2432
2432
2434
2436
2436
2439
2452
2452
2454
2455
2459
2463
2466
2471
2473
2474
2475
2475
2475
2477
2480
2481
2482
2484
2484
2486
2489
2489
2492
2494
2494
2495
2495
2495
2495
2497
2500
2503
2504
2504
2504
2505
2505
2505
2505
2505
2505
2505
2505
2505
2505
2505
2505
2505
2505
2505
2505
2505
2505
2505
2505
2505
2505
2505
2505
2505
2505
2505
2506
2506
2506
2506
2506
2506
2506
2506
2512
2515
2521
2523
2526
2528
2531
2531
2535
2535
2535
2535
2535
2537
2540
2541
2543
2544
2546
2546
2546
2547
2549
2555
2565
2566
2566
2571
2571
2577
2578
2584
2585
2588
2594
2595
2598
2599
2601
2601
2604
2604
2604
2604
2605
2605
2605
2605
2605
2605
2605
2605
2605
2605
2606
2608
2608
2611
2611
2616
2618
2620
2623
2624
2628
2630
2631
2631
2631
2632
2632
2638
2638
2638
2638
2638
2638
2638
2638
2638
2638
2638
2638
2638
2638
2638
2638
2638
2638
2638
2638
2638
2638
2642
2642
2642
2645
2646
2646
2647
2650
2650
2652
2655
2656
2657
2658
2659
2661
2662
2668
2670
2670
2670
2670
2670
2670
2670
2674
2674
2684
2685
2687
2692
2693
2696
2699
2700
2703
2703
2704
2704
2705
2705
2705
2705
2705
2705
2705
2705
2707
2712
2716
2716
2716
2719
2723
2727
2728
2746
2749
2749
2749
2750
2753
2754
2755
2755
2755
2756
2756
2758
2758
2765
2765
2765
2765
2765
2765
2765
2767
2773
2783
2784
2784
2792
2794
2795
2795
2795
2803
2804
2805
2805
2805
2805
2805
2806
2806
2812
2818
2818
2818
2818
2818
2818
2819
2819
2822
2826
2828
2828
2831
2831
2834
2834
2834
2835
2836
2843
2847
2848
2854
2854
2861
2862
2865
2866
2866
2868
2868
2868
2868
2868
2868
2869
2875
2877
2880
2880
2880
2880
2880
2880
2880
2880
2880
2880
2880
2880
2880
2880
2880
2880
2880
2882
2882
2883
2884
2884
2887
2889
2894
2895
2895
2895
2900
2904
2904
2905
2908
2919
2919
2929
2934
2937
2946
2946
2950
2951
2952
2952
2953
2953
2954
2954
2955
2955
2961
2962
2979
2981
2981
2981
2985
2985
2985
2985
2988
2992
2992
2995
2995
2995
2995
2995
2995
2995
2995
2995
2995
2995
2995
2995
2995
2995
2996
3000
3000
3003
3004
3004
3004
3004
3004
3004
3004
3004
3004
3004
3004
3004
3004
3004
3004
3004
3004
3004
3004
3004
3004
3004
3004
3004
3004
3004
3004
3004
3004
3004
3004
3004
3007
3009
3021
3021
3021
3022
3036
3036
3038
3038
3038
3041
3043
3047
3055
3059
3069
3071
3071
3077
3084
3088
3088
3095
3098
3103
3104
3105
3105
3105
3107
3111
3114
3115
3119
3123
3130
3130
3130
3130
3147
3148
3152
3153
3160
3163
3164
3164
3167
3167
3169
3174
3183
3188
3188
3191
3193
3194
3194
3199
3204
3204
3205
3205
3205
3205
3205
3205
3206
3206
3210
3211
3211
3213
3214
3216
3220
3222
3222
3225
3225
3231
3231
3237
3240
3245
3255
3255
3256
3257
3262
3265
3284
3284
3286
3289
3289
3294
3294
3294
3295
3295
3296
3296
3296
3301
3302
3302
3303
3305
3305
3305
3305
3306
3310
3311
3313
3320
3320
3335
3337
3340
3340
3343
3354
3355
3360
3363
3365
3367
3368
3368
3372
3374
3374
3375
3378
3379
3381
3381
3381
3381
3381
3382
3382
3383
3392
3392
3393
3393
3394
3394
3394
3394
3395
3397
3402
3402
3404
3404
3404
3405
3405
3405
3405
3409
3413
3414
3416
3423
3423
3427
3427
3427
3427
3427
3428
3439
3439
3439
3439
3439
3439
3439
3439
3439
3443
3444
3444
3448
3451
3452
3452
3452
3455
3455
3455
3455
3455
3455
3455
3455
3455
3455
3455
3455
3455
3455
3455
3455
3455
3459
3460
3463
3466
3468
3474
3475
3483
3484
3485
3504
3504
3504
3505
3505
3505
3505
3505
3505
3505
3505
3505
3505
3505
3505
3510
3512
3516
3530
3532
3542
3555
3555
3559
3566
3567
3570
3571
3575
3581
3581
3590
3593
3600
3604
3604
3605
3605
3605
3613
3616
3618
3640
3645
3646
3653
3653
3653
3654
3655
3657
3659
3665
3667
3668
3674
3675
3685
3685
3686
3696
3699
3701
3702
3702
3702
3702
3704
3704
3705
3705
3705
3705
3705
3705
3705
3710
3711
3711
3711
3724
3725
3733
3742
3742
3742
3743
3745
3748
3755
3755
3767
3773
3780
3784
3800
3800
3800
3805
3805
3805
3805
3805
3805
3805
3805
3805
3807
3813
3817
3823
3824
3830
3835
3840
3842
3843
3848
3848
3849
3854
3855
3858
3865
3876
3877
3880
3880
3880
3880
3880
3880
3880
3880
3888
3889
3892
3892
3895
3897
3899
3901
3903
3905
3905
3905
3905
3908
3918
3919
3932
3932
3938
3939
3946
3954
3955
3955
3962
3966
3968
3972
3973
3976
3992
3995
3997
3997
3998
3998
4000
4000
4000
4003
4003
4003
4004
4004
4004
4004
4004
4004
4004
4004
4004
4004
4004
4004
4004
4004
4004
4004
4004
4004
4004
4004
4004
4004
4004
4004
4004
4004
4012
4012
4012
4016
4016
4024
4025
4030
4030
4030
4030
4030
4030
4030
4030
4030
4030
4030
4030
4030
4030
4030
4030
4036
4038
4039
4046
4047
4050
4054
4061
4062
4067
4068
4068
4068
4068
4069
4069
4071
4072
4072
4072
4072
4072
4080
4085
4089
4089
4093
4099
4105
4105
4105
4105
4105
4112
4115
4119
4124
4125
4133
4137
4142
4145
4145
4150
4153
4154
4160
4164
4171
4174
4183
4184
4204
4204
4205
4205
4207
4210
4217
4225
4229
4240
4242
4253
4260
4261
4267
4274
4295
4300
4303
4303
4317
4323
4324
4324
4324
4324
4326
4340
4355
4356
4369
4375
4375
4375
4380
4382
4382
4384
4395
4398
4402
4403
4404
4405
4405
4405
4405
4422
4422
4426
4434
4434
4449
4449
4449
4455
4460
4469
4475
4483
4485
4490
4490
4490
4490
4495
4499
4502
4504
4505
4505
4505
4505
4505
4505
4505
4505
4514
4515
4519
4519
4520
4521
4536
4539
4547
4548
4551
4553
4554
4560
4573
4579
4585
4585
4585
4585
4585
4585
4585
4600
4605
4605
4605
4605
4605
4605
4605
4605
4605
4605
4605
4605
4609
4612
4612
4612
4612
4612
4614
4616
4620
4628
4648
4662
4683
4694
4694
4704
4723
4723
4723
4723
4752
4768
4774
4778
4782
4785
4805
4805
4805
4813
4816
4840
4844
4848
4848
4848
4860
4864
4867
4886
4889
4890
4895
4904
4905
4905
4905
4905
4905
4908
4909
4928
4928
4928
4928
4938
4943
4943
4943
4945
4950
4954
4958
4986
4993
4999
5000
5000
5001
5004
5004
5004
5004
5004
5004
5005
5005
5005
5005
5005
5005
5005
5005
5005
5005
5005
5005
5005
5005
5005
5005
5005
5005
5005
5005
5005
5005
5005
5005
5005
5005
5005
5005
5005
5005
5008
5043
5043
5043
5043
5050
5058
5058
5058
5073
5083
5088
5088
5128
5158
5158
5158
5180
5180
5180
5180
5180
5180
5180
5191
5205
5228
5237
5240
5268
5272
5272
5272
5272
5272
5272
5272
5275
5288
5304
5334
5353
5365
5371
5398
5414
5424
5424
5428
5428
5428
5449
5459
5467
5486
5503
5504
5504
5505
5505
5505
5505
5505
5505
5505
5505
5505
5505
5505
5507
5510
5548
5559
5560
5565
5566
5574
5594
5595
5605
5605
5608
5620
5621
5640
5659
5665
5691
5692
5692
5700
5703
5728
5728
5728
5729
5729
5729
5729
5729
5729
5734
5745
5748
5755
5755
5755
5755
5755
5755
5755
5755
5755
5755
5755
5755
5755
5755
5755
5755
5755
5755
5755
5755
5755
5755
5767
5804
5805
5805
5844
5844
5855
5883
5890
5894
5901
5901
5901
5919
5936
5943
5963
5963
5973
5977
5977
5980
5981
5985
5985
5985
5992
6001
6004
6004
6004
6004
6005
6005
6005
6005
6005
6005
6005
6005
6019
6019
6042
6054
6065
6069
6072
6092
6100
6107
6112
6136
6159
6188
6201
6205
6205
6205
6257
6257
6269
6269
6284
6285
6288
6289
6290
6301
6301
6301
6301
6301
6301
6309
6315
6326
6327
6330
6330
6331
6345
6355
6361
6368
6373
6399
6406
6415
6424
6437
6451
6456
6491
6494
6497
6503
6505
6505
6505
6505
6505
6505
6505
6510
6543
6553
6555
6555
6556
6587
6587
6587
6587
6589
6630
6649
6655
6732
6744
6744
6760
6770
6784
6784
6784
6784
6784
6784
6793
6805
6825
6827
6832
6838
6852
6855
6875
6875
6896
6902
6902
6902
6905
6905
6905
6905
6905
6905
6905
6905
6905
6905
6905
6916
6929
6940
6974
6974
6974
6989
6994
7004
7004
7004
7004
7004
7004
7005
7005
7005
7005
7027
7033
7050
7077
7080
7137
7144
7153
7153
7153
7196
7205
7209
7212
7220
7231
7245
7250
7250
7250
7262
7273
7288
7304
7313
7323
7325
7349
7361
7405
7405
7416
7418
7440
7447
7460
7471
7480
7480
7480
7480
7480
7480
7483
7484
7492
7493
7493
7500
7504
7505
7505
7505
7505
7505
7510
7552
7576
7576
7602
7604
7604
7624
7666
7698
7704
7705
7710
7715
7727
7804
7805
7805
7805
7805
7806
7811
7815
7821
7825
7825
7839
7852
7852
7860
7868
7879
7902
7903
7905
7906
7923
7939
7944
7945
7948
7949
7955
7965
7989
7991
7992
7995
8000
8000
8004
8004
8004
8005
8005
8005
8005
8005
8005
8005
8005
8005
8005
8020
8022
8036
8055
8055
8055
8055
8055
8055
8055
8055
8055
8055
8055
8055
8055
8056
8071
8114
8140
8140
8141
8161
8175
8200
8275
8302
8303
8305
8308
8355
8374
8379
8389
8405
8424
8428
8454
8461
8474
8480
8483
8495
8501
8505
8505
8505
8515
8524
8546
8555
8565
8616
8630
8630
8630
8630
8630
8630
8648
8658
8659
8673
8682
8682
8683
8700
8704
8745
8746
8804
8804
8819
8830
8860
8873
8895
8920
8934
8957
8965
8966
8972
8972
8972
8975
8975
8975
8983
9000
9003
9004
9004
9004
9005
9005
9005
9005
9005
9037
9037
9085
9091
9105
9105
9126
9130
9140
9154
9165
9165
9167
9175
9202
9205
9205
9205
9205
9205
9205
9205
9205
9205
9220
9230
9263
9360
9361
9386
9389
9391
9392
9440
9473
9481
9489
9496
9500
9505
9505
9505
9547
9551
9570
9582
9642
9646
9692
9692
9695
9720
9734
9737
9747
9753
9780
9780
9805
9855
9869
9869
9880
9890
9891
9896
9904
9904
9941
9959
9966
9983
9983
10004
10004
10004
10005
10005
10005
10005
10005
10005
10005
10005
10005
10005
10005
10005
10005
10005
10005
10005
10005
10005
10005
10005
10005
10005
10011
10019
10056
10088
10179
10211
10217
10223
10279
10280
10309
10309
10309
10311
10323
10345
10355
10355
10364
10366
10392
10404
10406
10428
10450
10453
10467
10467
10467
10505
10536
10536
10596
10604
10617
10704
10723
10780
10792
10792
10807
10852
10852
10904
10930
10930
10942
10948
10948
10950
10956
10968
10999
11054
11054
11105
11207
11212
11260
11304
11334
11338
11338
11351
11381
11452
11453
11461
11463
11478
11485
11491
11499
11500
11502
11502
11502
11502
11505
11505
11505
11505
11505
11505
11505
11505
11505
11505
11505
11505
11505
11505
11505
11505
11505
11505
11505
11505
11505
11505
11509
11511
11532
11555
11640
11679
11679
11679
11726
11775
11797
11797
11801
11830
11853
11857
11880
11893
11898
11904
11955
11960
11965
11977
11985
12002
12005
12005
12005
12005
12005
12005
12005
12005
12005
12045
12084
12116
12119
12175
12179
12209
12209
12209
12210
12261
12296
12375
12375
12386
12386
12475
12491
12505
12505
12505
12513
12517
12532
12533
12536
12604
12666
12705
12710
12731
12805
12805
12881
12903
12948
12979
12979
13005
13005
13005
13054
13058
13093
13126
13135
13169
13169
13169
13169
13169
13175
13195
13230
13231
13238
13242
13264
13265
13277
13292
13314
13381
13457
13457
13480
13483
13483
13503
13537
13538
13538
13555
13555
13565
13565
13566
13566
13582
13629
13630
13707
13707
13707
13714
13743
13743
13743
13747
13789
13805
13805
13805
13805
13805
13805
13830
13833
13845
13845
13855
13966
13989
13996
14004
14004
14004
14004
14005
14155
14156
14232
14239
14317
14325
14325
14342
14375
14391
14469
14486
14491
14504
14504
14504
14617
14718
14743
14757
14757
14871
14905
14905
14928
14952
14952
14952
14952
14952
14955
14983
14983
15003
15004
15004
15004
15004
15005
15005
15005
15005
15005
15005
15005
15005
15005
15005
15005
15104
15117
15166
15188
15232
15392
15434
15485
15604
15672
15802
15802
15808
15808
15875
15891
15892
15899
15905
15925
15976
15984
15987
15994
16004
16004
16020
16055
16105
16255
16277
16492
16492
16594
16643
16755
16800
16830
16898
16903
16903
16953
16975
16984
17025
17063
17119
17177
17177
17177
17255
17255
17255
17255
17255
17255
17255
17258
17379
17442
17455
17504
17505
17520
17609
17630
17632
17632
17777
17781
17802
17804
17885
17954
17968
17979
18069
18309
18310
18430
18440
18873
18954
18980
18988
18995
19004
19004
19072
19177
19282
19379
19379
19477
19505
19604
19631
19640
19690
19722
19752
19752
19809
19888
19895
19980
19980
20003
20004
20004
20004
20004
20004
20005
20005
20005
20005
20005
20005
20005
20005
20005
20005
20005
20005
20130
20130
20130
20154
20298
20344
20344
20705
20705
20724
20780
20874
20931
20937
20975
21112
21379
21470
21505
21855
21895
22075
22163
22249
22292
22614
22673
22746
22786
22795
22890
22899
22899
22901
22905
23005
23005
23005
23005
23005
23005
23005
23005
23005
23005
23253
23274
23398
23402
23461
23502
23514
23588
23701
23734
23837
23899
24005
24434
24442
24504
24754
24909
24955
25003
25003
25003
25003
25003
25003
25130
25305
25331
25650
25676
25701
25823
25980
26050
26220
26331
26961
26978
27003
27030
27103
27103
27125
27125
27128
27128
27411
27715
27849
28004
28005
28023
28623
28752
28755
28755
28755
28755
28755
28755
28779
28805
28805
28875
28890
28955
29005
29104
29124
29197
29241
29330
29430
29431
29482
29505
29813
29900
29905
29905
30004
30004
30005
30005
30005
30005
30005
30005
30005
30113
30148
30664
30779
30804
30866
30913
31619
31621
32205
32467
32505
32799
32915
32924
33320
33338
33697
33911
34505
34505
34505
34505
34564
34913
35004
35005
37405
37405
37863
37911
38070
38602
38753
38753
39102
39441
39499
39510
39680
39910
40003
40004
40004
40005
40005
40005
40005
40005
40255
40640
40848
41210
41216
41379
41890
42005
42123
42123
42245
42454
44481
44666
45005
45128
45793
46005
46005
46005
46005
46005
46005
46331
46505
48003
50004
50004
50004
50004
50004
50004
50587
50605
50733
50820
51404
51491
51494
51997
51997
52071
52664
53005
54244
54630
55005
55559
56297
56298
57243
57505
57505
57505
57505
58961
58969
59881
59905
60004
60004
67392
69005
69577
70754
72761
75005
75100
80000
80139
80505
88430
91756
97755
98092
98185
99798
100004
