0.0
0.08
0.08
0.09
0.09
0.08
0.08
0.08
0.11
0.08
0.08
0.1
0.09
0.12
0.08
0.08
0.07
0.13
0.07
0.07
0.1
0.08
0.1
0.1
0.1
0.08
0.1
0.08
0.1
0.1
0.14
0.11
0.15
0.15
0.13
0.1
0.12
0.09
0.16
0.13
0.09
0.1
0.11
0.12
0.14
0.14
0.09
0.14
0.14
0.1
0.16
0.17
0.09
0.09
0.11
0.13
0.11
0.09
0.09
0.07
0.07
0.1
0.15
0.07
0.17
0.13
0.16
0.18
0.18
0.14
0.14
0.16
0.11
0.15
0.16
0.1
0.17
0.17
0.19
0.19
0.08
0.08
0.1
0.1
0.15
0.15
0.2
0.16
0.11
0.09
0.16
0.16
0.09
0.16
0.2
0.2
0.2
0.15
0.07
0.14
0.2
0.13
0.12
0.07
0.08
0.16
0.16
0.16
0.14
0.14
0.14
0.14
0.14
0.17
0.17
0.2
0.21
0.2
0.21
0.19
0.16
0.17
0.14
0.14
0.2
0.13
0.09
0.15
0.2
0.16
0.18
0.2
0.09
0.21
0.11
0.17
0.1
0.11
0.21
0.14
0.16
0.14
0.14
0.13
0.21
0.09
0.18
0.18
0.08
0.08
0.2
0.21
0.1
0.18
0.12
0.23
0.24
0.09
0.15
0.18
0.09
0.09
0.2
0.19
0.1
0.18
0.14
0.19
0.16
0.17
0.17
0.1
0.13
0.19
0.23
0.18
0.07
0.14
0.17
0.09
0.15
0.2
0.25
0.25
0.11
0.11
0.19
0.2
0.15
0.09
0.09
0.13
0.17
0.18
0.09
0.15
0.1
0.1
0.26
0.21
0.21
0.19
0.25
0.21
0.07
0.17
0.11
0.24
0.24
0.09
0.18
0.1
0.18
0.08
0.08
0.29
0.29
0.12
0.12
0.24
0.21
0.2
0.15
0.19
0.1
0.14
0.21
0.21
0.19
0.19
0.19
0.19
0.11
0.2
0.23
0.12
0.12
0.3
0.1
0.18
0.25
0.09
0.15
0.15
0.21
0.16
0.1
0.1
0.17
0.21
0.07
0.2
0.24
0.09
0.2
0.16
0.18
0.3
0.21
0.15
0.15
0.08
0.18
0.27
0.23
0.16
0.18
0.26
0.32
0.09
0.11
0.13
0.14
0.18
0.21
0.24
0.31
0.28
0.19
0.08
0.08
0.21
0.07
0.13
0.3
0.25
0.25
0.19
0.17
0.15
0.15
0.18
0.18
0.17
0.1
0.06
0.35
0.2
0.27
0.24
0.24
0.26
0.1
0.34
0.12
0.26
0.07
0.14
0.32
0.18
0.18
0.35
0.19
0.19
0.23
0.08
0.12
0.25
0.23
0.19
0.19
0.15
0.15
0.36
0.36
0.08
0.08
0.08
0.25
0.32
0.09
0.15
0.2
0.14
0.28
0.18
0.37
0.15
0.2
0.13
0.13
0.24
0.25
0.27
0.28
0.28
0.3
0.31
0.13
0.14
0.15
0.15
0.24
0.09
0.18
0.27
0.31
0.14
0.3
0.34
0.23
0.29
0.06
0.3
0.3
0.4
0.34
0.27
0.26
0.25
0.18
0.17
0.17
0.15
0.14
0.14
0.24
0.18
0.17
0.08
0.08
0.08
0.16
0.16
0.4
0.37
0.4
0.26
0.39
0.3
0.17
0.39
0.3
0.09
0.27
0.17
0.25
0.08
0.28
0.31
0.23
0.15
0.26
0.29
0.18
0.32
0.14
0.37
0.23
0.42
0.34
0.34
0.15
0.17
0.17
0.19
0.31
0.18
0.23
0.43
0.35
0.15
0.15
0.37
0.32
0.17
0.41
0.07
0.16
0.09
0.09
0.29
0.34
0.19
0.06
0.2
0.3
0.37
0.15
0.28
0.26
0.09
0.34
0.16
0.4
0.19
0.19
0.19
0.15
0.25
0.25
0.41
0.13
0.13
0.13
0.21
0.21
0.16
0.27
0.14
0.35
0.09
0.09
0.24
0.28
0.25
0.19
0.1
0.1
0.31
0.35
0.18
0.47
0.11
0.26
0.26
0.26
0.2
0.2
0.32
0.36
0.3
0.36
0.14
0.15
0.36
0.26
0.26
0.43
0.11
0.11
0.28
0.17
0.18
0.18
0.18
0.49
0.19
0.26
0.46
0.07
0.15
0.3
0.31
0.24
0.08
0.08
0.08
0.5
0.42
0.09
0.09
0.28
0.48
0.21
0.34
0.23
0.23
0.26
0.18
0.19
0.53
0.28
0.35
0.03
0.03
0.03
0.15
0.18
0.08
0.11
0.16
0.17
0.2
0.53
0.5
0.23
0.21
0.21
0.2
0.35
0.16
0.15
0.41
0.4
0.24
0.2
0.19
0.18
0.18
0.42
0.32
0.23
0.53
0.21
0.21
0.21
0.14
0.25
0.31
0.37
0.43
0.24
0.3
0.23
0.58
0.42
0.31
0.36
0.25
0.25
0.25
0.35
0.1
0.14
0.32
0.36
0.35
0.13
0.3
0.3
0.17
0.34
0.21
0.25
0.29
0.58
0.08
0.12
0.16
0.2
0.28
0.28
0.31
0.31
0.19
0.26
0.11
0.21
0.07
0.07
0.07
0.07
0.07
0.07
0.38
0.57
0.2
0.2
0.2
0.5
0.13
0.26
0.16
0.16
0.52
0.03
0.03
0.03
0.03
0.03
0.03
0.03
0.09
0.43
0.14
0.63
0.46
0.16
0.23
0.23
0.38
0.48
0.35
0.6
0.1
0.25
0.25
0.25
0.47
0.61
0.17
0.17
0.24
0.24
0.6
0.6
0.43
0.31
0.4
0.07
0.07
0.07
0.14
0.14
0.3
0.6
0.34
0.46
0.61
0.5
0.13
0.49
0.19
0.21
0.39
0.41
0.08
0.08
0.08
0.08
0.1
0.14
0.14
0.14
0.16
0.18
0.34
0.5
0.31
0.61
0.19
0.19
0.19
0.17
0.15
0.49
0.09
0.43
0.5
0.41
0.16
0.64
0.21
0.35
0.35
0.07
0.07
0.07
0.07
0.07
0.14
0.14
0.4
0.6
0.53
0.27
0.15
0.51
0.23
0.23
0.46
0.18
0.18
0.13
0.6
0.29
0.08
0.08
0.08
0.08
0.08
0.08
0.08
0.08
0.08
0.54
0.57
0.19
0.3
0.11
0.25
0.34
0.23
0.29
0.58
0.09
0.09
0.15
0.15
0.15
0.49
0.37
0.28
0.19
0.19
0.13
0.52
0.62
0.53
0.1
0.3
0.61
0.58
0.24
0.55
0.31
0.21
0.21
0.21
0.07
0.14
0.46
0.25
0.18
0.18
0.11
0.11
0.15
0.27
0.66
0.43
0.08
0.08
0.08
0.08
0.08
0.08
0.08
0.08
0.08
0.08
0.2
0.4
0.29
0.25
0.25
0.09
0.09
0.09
0.36
0.54
0.59
0.23
0.14
0.14
0.24
0.24
0.53
0.74
0.74
0.15
0.15
0.35
0.35
0.1
0.57
0.3
0.49
0.51
0.58
0.13
0.13
0.2
0.07
0.07
0.07
0.14
0.14
0.36
0.15
0.46
0.39
0.47
0.63
0.08
0.08
0.08
0.08
0.08
0.08
0.08
0.08
0.08
0.08
0.16
0.16
0.26
0.09
0.09
0.09
0.46
0.19
0.77
0.29
0.3
0.1
0.1
0.2
0.61
0.23
0.12
0.14
0.58
0.59
0.15
0.15
0.15
0.16
0.16
0.17
0.17
0.17
0.17
0.17
0.17
0.17
0.17
0.58
0.21
0.42
0.23
0.25
0.26
0.26
0.53
0.53
0.39
0.42
0.52
0.69
0.57
0.05
0.06
0.07
0.07
0.07
0.08
0.09
0.09
0.09
0.09
0.09
0.1
0.11
0.12
0.14
0.14
0.15
0.15
0.15
0.16
0.16
0.16
0.17
0.46
0.51
0.6
0.6
0.62
0.74
0.76
0.65
0.62
0.43
0.43
0.4
0.4
0.58
0.8
0.26
0.69
0.46
0.6
0.18
0.54
0.17
0.17
0.17
0.5
0.16
0.16
0.16
0.15
0.43
0.14
0.28
0.28
0.8
0.13
0.13
0.13
0.83
0.23
0.34
0.11
0.11
0.66
0.43
0.43
0.32
0.1
0.1
0.1
0.1
0.1
0.1
0.1
0.29
0.86
0.09
0.09
0.09
0.18
0.18
0.36
0.27
0.52
0.17
0.17
0.17
0.17
0.76
0.42
0.83
0.08
0.08
0.08
0.16
0.16
0.24
0.78
0.15
0.15
0.3
0.29
0.21
0.07
0.07
0.07
0.07
0.14
0.14
0.14
0.14
0.14
0.14
0.14
0.14
0.14
0.14
0.14
0.88
0.73
0.53
0.46
0.85
0.26
0.19
0.38
0.63
0.62
0.61
0.06
0.06
0.06
0.12
0.18
0.3
0.53
0.29
0.29
0.17
0.17
0.17
0.39
0.11
0.6
0.16
0.32
0.84
0.31
0.77
0.1
0.1
0.2
0.3
0.3
0.4
0.63
0.29
0.81
0.8
0.14
0.14
0.14
0.14
0.14
0.14
0.51
0.23
0.78
0.55
0.59
0.09
0.09
0.09
0.18
0.75
0.35
0.35
0.48
0.61
0.61
0.78
0.3
0.47
0.17
0.51
0.89
0.55
0.55
0.63
0.25
0.08
0.08
0.08
0.08
0.08
0.08
0.08
0.08
0.08
0.08
0.08
0.08
0.08
0.08
0.08
0.08
0.08
0.08
0.12
0.12
0.16
0.16
0.16
0.4
0.4
0.6
0.64
0.76
0.88
0.87
0.59
0.39
0.39
0.35
0.93
0.85
0.85
0.27
0.46
0.61
0.19
0.19
0.34
0.15
0.15
0.15
0.15
0.15
0.15
0.3
0.26
0.59
0.11
0.11
0.18
0.18
0.18
0.18
0.18
0.18
0.36
0.72
0.7
0.7
0.07
0.07
0.07
0.14
0.14
0.14
0.14
0.14
0.14
0.14
0.14
0.28
0.55
0.17
0.17
0.34
0.61
0.27
0.1
0.1
0.1
0.1
0.1
0.1
0.1
0.2
0.3
0.3
0.4
0.5
0.5
0.7
0.66
0.69
0.23
0.23
0.13
0.13
0.13
0.39
0.39
0.39
0.58
0.8
0.86
0.19
0.19
0.19
0.19
0.82
0.25
0.34
0.77
0.8
0.55
0.82
0.09
0.09
0.09
0.09
0.09
0.09
0.09
0.09
0.09
0.09
0.12
0.12
0.15
0.15
0.15
0.15
0.15
0.18
0.21
0.36
0.54
0.63
0.63
0.63
0.62
0.5
0.97
0.49
0.89
0.43
0.2
0.4
0.4
0.37
0.88
0.17
0.17
0.17
0.17
0.34
0.82
0.31
0.7
0.14
0.14
0.14
0.14
0.14
0.14
0.14
0.14
0.14
0.14
0.14
0.14
0.14
0.14
0.14
0.28
0.5
0.75
0.69
0.88
0.88
0.99
0.52
0.49
0.95
0.19
0.19
0.38
0.46
0.89
0.51
0.75
0.08
0.08
0.08
0.08
0.08
0.08
0.08
0.08
0.08
0.08
0.08
0.08
0.08
0.16
0.16
0.16
0.16
0.16
0.72
0.29
0.71
0.63
0.76
0.55
0.34
0.6
0.13
0.13
0.13
0.13
0.13
0.13
0.26
0.65
0.78
0.83
0.62
0.18
0.18
0.18
0.18
0.18
0.18
0.64
0.23
0.46
0.51
0.28
0.28
1.01
0.15
0.15
0.15
0.15
0.15
0.15
0.15
0.15
0.15
0.1
0.1
0.1
0.1
0.1
0.1
0.1
0.1
0.4
0.5
0.77
0.42
0.42
0.42
0.66
0.39
0.78
0.97
0.58
0.53
0.77
0.36
0.74
0.5
0.69
0.88
0.19
0.19
0.19
0.38
0.52
0.78
0.66
0.87
0.47
0.89
0.89
0.21
0.21
0.14
0.14
0.14
0.14
0.14
0.14
0.14
0.14
0.14
0.14
0.14
0.14
0.14
0.14
0.14
0.14
0.14
0.14
0.14
0.28
0.28
0.65
0.95
0.74
0.3
0.3
0.92
0.62
0.71
0.16
0.16
0.16
0.16
0.16
0.25
0.25
0.43
0.09
0.09
0.09
0.09
0.09
0.09
0.09
0.09
0.09
0.09
0.09
0.09
0.09
0.09
0.09
0.09
0.09
0.09
0.09
0.09
0.09
0.18
0.36
0.27
0.65
0.29
0.2
0.2
0.6
0.6
0.6
0.82
0.64
0.11
0.11
1.01
0.57
0.57
0.57
0.61
0.87
0.76
0.13
0.13
0.13
0.13
0.13
0.13
0.39
0.52
0.69
0.97
0.43
0.73
0.15
0.15
0.15
0.15
0.15
0.15
0.15
0.15
0.15
0.15
0.75
0.66
0.17
0.17
0.17
0.57
0.19
0.19
0.19
0.19
0.19
1.03
0.21
0.21
0.21
0.23
0.23
0.46
0.96
0.5
0.77
0.77
0.27
0.83
0.29
0.58
0.31
0.31
0.97
0.35
0.35
0.41
0.43
0.47
0.96
0.55
0.57
0.57
0.59
0.61
0.95
1.03
1.05
0.12
0.12
0.12
0.12
0.24
0.3
0.36
0.08
0.1
0.1
0.1
0.1
0.1
0.1
0.1
0.1
0.14
0.14
0.14
0.14
0.14
0.14
0.14
0.14
0.14
0.14
0.14
0.14
0.14
0.14
0.14
0.16
0.16
0.16
0.16
0.16
0.16
0.2
0.2
0.26
0.34
0.4
0.4
0.4
0.4
0.54
0.8
1.07
1.01
0.77
0.65
0.61
0.61
0.57
0.47
0.43
0.84
0.41
1.09
1.09
0.66
0.6
0.89
0.48
0.23
0.23
0.23
0.46
0.21
0.21
0.21
0.21
1.05
0.4
0.78
0.19
0.19
1.1
0.36
0.36
0.17
0.17
0.17
0.17
0.83
0.15
0.15
0.15
0.15
0.15
0.15
0.15
0.15
0.15
0.3
0.3
0.88
0.69
0.82
0.95
0.13
0.13
0.13
0.74
1.11
0.61
0.24
0.72
0.59
0.35
0.7
0.11
0.11
0.11
0.84
1.04
0.51
0.2
0.2
0.2
0.2
0.29
0.29
0.94
0.09
0.09
0.09
0.09
0.09
0.18
0.18
0.18
0.18
0.18
0.18
0.18
0.18
0.18
0.36
0.27
0.27
0.25
0.75
0.41
0.41
0.41
0.57
0.96
0.16
0.16
0.16
0.16
0.16
0.16
0.16
0.16
0.16
0.16
0.16
0.8
1.12
1.03
1.1
0.39
0.39
0.62
0.69
0.46
0.46
0.46
0.6
0.88
0.65
1.0
0.21
0.21
0.21
0.21
0.21
0.21
0.49
0.63
0.63
0.63
0.14
0.14
0.14
0.14
0.14
0.14
0.14
0.14
0.14
0.14
0.14
0.82
0.61
0.4
0.8
0.71
1.09
0.64
0.64
0.83
0.38
0.38
0.38
0.76
0.5
0.5
1.05
0.43
0.43
0.98
0.12
0.12
0.24
0.96
0.53
0.7
0.58
1.04
0.97
0.17
0.17
0.17
0.17
0.17
0.17
0.34
0.34
0.34
0.51
1.12
1.05
1.05
0.88
1.15
0.71
0.27
0.81
0.81
0.32
0.69
0.37
0.62
0.15
0.15
0.15
0.15
0.15
0.15
0.15
0.15
0.15
0.25
0.25
0.3
0.5
0.5
0.5
0.5
0.7
0.75
0.85
0.1
0.1
0.1
0.1
0.1
0.2
0.2
0.2
0.4
0.65
0.65
0.78
0.58
0.38
0.38
0.99
0.61
0.61
0.84
0.28
0.28
0.23
0.23
0.46
0.41
0.59
0.18
0.18
0.18
0.18
0.18
0.18
0.8
0.62
0.75
0.57
0.13
0.13
0.13
0.13
0.13
0.13
0.26
1.12
0.99
0.55
0.76
0.97
0.21
0.42
1.16
0.37
1.01
0.16
0.16
0.16
0.16
0.16
0.16
0.16
0.16
0.16
0.24
0.24
0.24
0.32
0.32
0.4
1.12
0.99
0.43
0.54
0.54
0.73
0.57
0.19
0.19
0.19
0.38
0.76
0.3
0.6
0.85
0.11
0.11
0.11
0.99
0.8
0.72
0.25
0.25
1.0
0.78
1.06
1.09
0.14
0.14
0.14
0.14
0.14
0.14
0.14
1.15
1.01
0.59
0.48
0.48
1.19
1.19
0.17
0.17
0.17
0.17
0.17
0.17
0.17
0.17
0.74
0.57
0.97
0.2
0.2
0.4
0.8
1.0
0.63
0.63
0.63
0.63
0.63
0.23
0.23
0.23
0.23
0.46
0.72
0.72
1.01
1.07
1.07
0.29
0.29
0.93
0.7
0.38
1.17
0.47
1.15
1.15
0.65
0.77
0.89
1.07
0.12
0.12
0.12
0.12
0.15
0.15
0.15
0.15
0.15
0.15
0.15
0.15
0.15
0.15
0.15
0.18
0.18
0.18
0.18
0.18
0.18
0.18
0.18
0.18
0.18
0.18
0.21
0.21
0.21
0.24
0.3
0.36
0.42
0.42
0.99
0.27
0.39
0.39
0.78
1.0
0.97
1.16
1.1
0.43
0.43
0.43
0.4
0.4
0.4
0.4
0.37
0.74
0.96
0.28
1.09
0.53
1.03
0.5
0.47
0.66
1.1
0.63
0.41
0.57
0.19
0.19
0.19
0.19
0.19
0.19
0.89
1.24
0.35
0.16
0.16
0.16
0.16
0.16
0.16
0.16
0.16
0.16
0.16
0.16
0.32
0.8
0.8
0.8
0.61
1.03
0.29
0.71
0.42
0.42
0.42
0.13
0.13
0.13
0.26
0.39
1.04
0.88
0.75
0.72
0.95
1.15
0.23
0.23
0.23
0.23
0.89
0.89
1.22
0.66
0.43
0.43
0.53
0.63
0.3
0.3
0.2
0.2
0.2
0.2
0.2
0.2
1.1
1.04
0.47
0.84
0.37
0.37
0.27
0.54
1.15
1.19
0.17
0.17
0.17
0.17
0.17
0.17
0.17
0.17
0.17
0.34
0.34
0.34
0.48
0.48
0.48
1.03
0.55
0.31
0.31
0.31
0.62
0.62
0.76
1.04
0.8
0.8
0.21
0.35
0.35
0.49
0.49
0.42
0.98
0.98
0.14
0.14
0.14
0.14
0.14
0.14
0.6
1.2
0.39
0.78
0.78
0.25
0.25
0.5
1.18
0.43
0.43
0.43
0.86
1.22
0.18
0.18
0.18
0.18
0.18
0.18
0.18
0.18
0.18
0.18
0.18
0.18
0.47
0.76
0.29
0.87
0.4
0.51
1.06
0.11
0.88
0.81
0.89
0.26
0.86
0.86
0.15
0.15
0.15
0.15
0.15
0.15
0.15
0.34
0.34
0.53
0.95
0.95
0.19
0.19
0.19
0.19
0.19
0.19
0.19
1.18
1.07
1.15
0.23
0.23
0.23
0.23
0.46
0.92
0.5
0.77
1.04
0.27
0.27
0.27
0.54
0.93
1.24
0.66
1.05
0.39
0.78
0.82
0.43
0.43
0.47
0.98
0.55
0.63
1.26
0.83
0.87
0.12
0.12
0.16
0.16
0.16
0.16
0.16
0.16
0.16
0.2
0.2
0.2
0.2
0.2
0.2
0.2
0.24
0.24
0.24
0.28
0.36
0.36
0.36
0.48
0.8
0.88
1.0
1.08
1.16
1.09
1.05
0.81
0.73
0.69
0.53
1.06
0.49
0.41
0.41
0.41
0.74
0.99
0.29
0.58
0.25
0.25
0.5
0.5
0.21
0.21
0.21
0.21
0.21
0.42
0.42
0.97
0.76
0.55
1.1
1.1
0.17
0.17
0.17
0.81
0.47
0.47
0.3
0.3
0.6
0.6
0.73
0.43
1.29
0.82
1.08
0.26
0.26
0.39
0.39
0.52
0.65
0.65
0.74
0.74
0.35
0.35
1.27
0.53
0.8
0.89
0.49
0.94
1.12
1.3
0.18
0.18
0.18
0.36
1.08
0.77
0.5
0.5
0.73
0.64
0.64
0.96
1.28
0.87
1.33
1.33
1.33
0.23
0.23
0.23
0.23
0.23
0.23
0.23
0.23
0.23
0.46
0.46
1.2
0.37
0.42
0.28
1.03
0.75
0.47
0.99
0.99
0.71
0.71
1.28
0.19
0.19
0.19
0.19
0.19
0.19
0.19
0.19
0.38
0.38
0.62
0.43
0.43
0.53
1.06
0.29
0.29
0.58
1.16
0.34
0.34
1.32
0.49
0.59
1.19
1.29
0.15
0.15
0.15
0.15
0.2
0.2
0.2
0.2
0.25
0.25
0.25
0.25
0.3
0.3
0.35
0.4
0.4
0.4
0.4
0.55
0.75
0.85
1.0
1.0
1.05
1.11
1.12
0.46
0.46
0.46
0.36
0.36
0.36
0.36
0.31
0.62
0.52
1.04
0.47
0.89
0.21
0.21
0.21
0.84
0.84
1.05
1.05
0.58
0.58
0.95
0.37
0.37
0.69
1.01
0.16
0.16
0.48
0.48
1.12
0.43
0.27
0.27
0.92
0.65
1.3
0.38
0.38
0.38
0.38
0.38
0.38
0.38
1.15
1.32
0.5
0.5
0.89
0.89
0.78
0.95
0.28
0.28
0.17
0.17
0.17
0.17
0.17
0.34
0.51
0.4
1.09
0.46
0.52
0.52
1.1
0.87
0.87
0.93
0.64
0.35
0.35
0.35
0.35
1.05
0.41
0.47
0.47
0.71
0.18
0.18
0.18
0.18
0.18
0.18
0.18
0.3
0.36
0.54
0.84
1.15
1.09
0.73
0.61
0.55
0.98
0.86
0.8
0.8
0.37
0.99
0.87
0.25
0.25
0.25
0.25
0.5
1.19
0.94
0.69
0.38
0.57
0.57
0.95
0.32
0.64
1.09
1.1
0.26
0.26
0.39
0.39
0.39
1.17
0.72
1.38
0.46
0.46
0.46
0.46
1.12
1.26
0.2
0.6
0.6
1.01
1.01
0.27
0.27
0.27
0.27
1.42
0.61
0.34
0.41
0.82
0.48
0.97
0.21
0.21
0.21
0.21
0.21
0.35
0.35
0.42
0.49
0.7
0.84
0.98
0.28
0.28
0.28
1.05
0.99
0.78
0.78
0.64
1.0
1.0
0.43
0.86
0.36
0.36
0.36
0.72
0.65
0.29
0.29
0.29
0.87
1.31
0.51
0.73
0.95
0.66
1.03
0.59
0.96
0.37
0.89
0.52
1.42
0.3
0.3
1.2
0.99
1.22
0.69
0.69
0.23
0.23
0.23
0.23
0.23
0.23
0.46
0.54
1.4
0.39
0.39
0.47
0.47
0.47
0.55
0.63
1.19
0.16
0.16
0.24
0.32
0.4
0.4
0.48
0.48
1.2
0.89
0.65
0.57
0.57
0.49
0.41
0.82
1.15
1.15
1.4
0.99
0.58
0.25
0.25
0.25
0.25
0.25
0.25
0.25
0.5
0.5
0.5
0.5
1.0
0.42
1.01
0.59
0.59
1.44
0.17
0.17
0.34
1.28
0.43
0.43
0.43
0.43
1.29
0.26
0.26
0.78
0.87
0.87
1.4
1.4
0.53
0.71
1.16
0.18
0.18
0.36
0.36
0.36
0.27
0.81
1.35
1.18
1.09
0.82
0.64
0.46
0.74
1.21
0.75
0.47
0.19
0.19
0.38
0.95
0.96
0.77
0.29
0.29
0.87
0.97
0.39
0.49
1.47
0.69
0.89
0.89
0.99
0.99
0.99
0.3
0.3
0.5
1.2
0.2
0.2
0.2
0.2
0.4
0.4
0.8
1.01
1.01
0.81
0.51
1.23
1.34
0.31
0.62
1.24
0.52
0.52
0.21
0.21
1.05
1.26
1.27
0.53
0.96
0.96
0.75
0.43
0.43
0.54
1.42
0.55
1.33
0.57
0.57
1.49
0.23
0.23
0.23
0.23
0.69
1.27
0.81
0.58
0.82
1.29
0.47
0.47
0.94
1.53
0.59
1.43
0.12
0.12
0.24
0.24
0.36
0.36
0.36
0.36
0.36
0.6
0.72
0.96
1.2
1.35
0.37
0.62
1.24
0.38
0.76
0.51
0.64
1.16
0.13
0.26
0.39
1.05
0.4
1.07
0.27
0.95
1.09
1.09
0.41
0.82
0.55
0.83
0.97
0.97
0.97
1.11
0.42
0.7
1.55
1.27
0.99
0.57
0.43
1.16
1.16
1.45
0.74
0.3
0.3
0.75
1.06
0.92
1.08
0.62
1.24
1.4
0.94
0.94
0.32
0.32
0.64
0.8
1.28
0.49
0.49
1.31
0.66
0.66
0.66
0.66
0.99
1.0
0.34
0.34
0.85
0.52
0.35
0.35
1.41
1.06
1.07
0.72
0.72
0.54
1.1
0.92
0.37
0.37
1.51
0.57
0.57
1.53
0.58
0.59
0.59
0.59
1.38
0.99
0.2
0.2
0.2
0.4
1.0
1.0
0.81
0.61
0.61
0.41
0.83
0.21
0.63
1.05
0.43
0.43
1.11
0.69
1.15
1.15
0.23
0.23
0.23
0.46
1.42
0.24
0.24
0.24
0.49
0.99
1.49
1.49
0.25
0.5
1.0
1.01
0.51
1.29
0.52
0.8
0.82
0.55
0.59
0.89
1.49
0.3
0.31
1.24
0.32
1.0
1.03
0.69
0.69
0.36
0.36
1.09
0.75
0.75
1.51
1.53
1.16
0.39
0.4
0.4
0.4
0.8
1.2
0.42
0.84
1.26
0.85
0.43
0.43
0.46
0.46
0.47
0.47
0.94
1.45
0.5
0.5
0.51
0.51
1.55
1.56
1.58
0.53
1.1
1.11
1.12
1.15
1.15
1.15
1.17
0.59
1.18
0.6
1.2
1.23
1.23
0.63
1.3
1.34
0.69
0.69
0.75
0.75
0.76
0.78
0.8
1.61
0.85
0.89
0.93
0.97
1.04
1.04
1.05
1.23
1.26
1.31
0.29
0.29
0.57
0.58
1.16
1.16
0.2
0.2
0.23
0.23
0.23
0.24
0.26
0.27
0.28
0.3
0.3
0.31
0.31
0.31
0.34
0.34
0.35
0.36
0.39
0.41
0.42
0.42
0.43
0.51
0.52
0.55
0.59
0.61
0.77
0.78
0.85
0.94
1.03
1.04
1.05
1.08
1.1
1.19
1.19
1.43
1.47
1.51
1.55
1.62
1.57
1.49
1.12
1.06
1.01
0.99
0.99
0.98
0.89
0.88
0.84
1.64
0.77
0.75
1.49
0.69
1.34
0.61
0.6
1.19
0.58
0.57
1.12
1.65
1.65
0.54
0.54
0.53
1.06
1.58
0.52
0.99
1.46
0.47
0.46
0.46
0.46
1.34
1.7
0.42
0.42
1.26
0.82
1.62
0.4
0.78
1.15
0.38
0.76
1.12
0.37
0.36
1.43
1.07
0.71
0.7
1.39
1.04
1.0
1.66
0.97
1.28
0.94
0.94
0.31
0.62
1.24
0.61
0.3
0.89
0.59
0.59
0.88
0.29
0.58
1.15
1.41
1.68
1.38
0.27
1.08
1.34
1.31
0.26
1.29
0.77
0.5
1.5
1.73
1.69
0.24
1.2
1.2
1.61
1.35
0.89
0.89
0.66
0.87
1.74
0.65
0.43
0.43
0.43
1.5
0.21
0.42
1.03
1.23
0.6
0.59
0.58
0.58
0.95
1.33
0.37
0.74
1.65
1.45
0.54
0.54
0.35
1.4
1.01
0.66
0.49
0.49
1.3
1.41
1.23
1.68
1.22
1.66
0.3
0.58
1.3
0.43
1.29
0.57
0.71
1.68
1.12
1.12
0.97
0.55
1.1
1.51
0.82
0.27
0.4
0.4
1.32
1.58
0.52
1.3
1.8
0.64
1.38
0.25
1.0
1.75
0.62
1.24
0.99
1.11
0.36
0.48
0.84
0.96
1.68
0.95
1.18
1.77
1.17
1.27
0.57
1.69
1.01
0.89
0.88
1.21
1.53
0.32
1.17
0.84
1.68
0.94
0.73
1.77
1.04
0.62
0.72
1.74
0.51
1.53
1.63
1.21
1.31
0.5
1.29
0.89
0.89
0.69
0.69
0.69
1.28
1.08
0.49
1.27
1.27
1.17
1.17
0.39
1.56
0.29
0.29
0.58
0.58
0.77
0.57
0.57
1.7
1.69
1.69
0.28
0.65
0.92
1.43
0.62
0.61
0.26
0.95
0.69
0.6
1.8
1.45
1.77
1.01
0.75
1.75
1.16
0.41
0.41
1.23
0.65
1.3
1.77
1.85
0.24
0.48
1.42
1.34
0.62
0.62
1.24
0.85
1.54
0.61
0.98
0.6
1.2
0.75
1.79
1.34
1.92
0.59
1.18
1.62
0.29
1.45
1.81
0.72
1.8
1.22
1.22
1.0
1.85
1.28
1.49
0.42
1.19
1.89
0.77
1.26
1.32
0.83
0.69
1.1
1.51
0.75
1.15
0.81
1.74
1.47
0.4
0.4
0.6
0.46
0.98
1.63
1.04
1.49
1.1
0.71
1.93
1.86
0.63
0.69
1.81
0.31
0.31
0.8
0.8
1.35
0.73
1.45
0.3
0.42
0.84
1.86
1.43
1.19
1.77
1.0
0.35
1.69
1.92
1.92
1.8
1.78
1.26
1.88
1.7
0.62
1.28
1.42
1.2
1.09
0.98
0.87
0.38
2.0
0.97
1.87
1.92
0.85
0.37
1.11
0.42
1.47
0.63
2.03
1.3
0.83
1.34
0.41
1.69
1.73
0.76
1.72
1.46
0.65
1.0
1.99
1.93
1.23
0.93
0.83
1.95
1.8
1.92
0.43
2.03
1.64
0.89
0.7
2.0
2.04
1.47
1.33
1.5
1.85
1.03
1.7
1.7
0.76
1.46
1.54
1.01
1.93
1.27
1.62
2.0
0.43
0.73
1.15
2.04
1.91
0.93
1.77
1.39
1.51
1.09
0.46
0.46
0.71
1.75
1.04
1.74
1.49
1.9
1.52
1.15
1.79
0.89
0.6
0.4
2.07
1.15
0.94
1.8
2.18
1.44
0.54
1.8
0.38
0.38
0.95
1.89
1.28
1.43
0.3
1.8
1.9
2.23
0.89
1.44
0.51
1.66
1.15
0.71
1.57
1.38
1.0
1.26
0.85
2.25
0.47
0.5
1.5
0.4
0.4
0.53
0.66
1.9
2.02
0.81
1.97
0.77
1.7
1.79
2.39
0.83
0.83
0.46
0.49
1.63
1.16
0.92
2.25
2.07
0.32
0.61
2.23
0.81
0.89
0.54
0.51
2.23
0.8
2.57
2.59
2.32
2.3
0.48
0.64
1.97
1.41
1.09
0.53
2.03
0.63
0.34
0.86
0.57
1.58
0.51
2.14
0.73
0.4
0.5
0.54
0.51
2.11
1.8
1.72
2.76
2.66
2.59
2.36
1.75
2.62
2.36
2.41
1.16
1.91
1.55
1.19
2.41
2.31
2.89
0.47
2.64
0.57
0.57
2.3
2.8
2.34
1.0
0.55
1.34
0.71
3.06
3.23
0.61
0.43
1.46
2.84
1.22
1.15
2.88
3.28
2.9
3.0
0.69
3.39
0.8
1.41
2.36
3.84
0.84
0.55
3.88
0.51
3.37
2.3
0.61
2.99
2.82
3.52
4.38
1.22
0.78
1.3
1.61
2.8
2.62
4.3
4.38
4.66
1.73
2.0
4.15
2.43
4.5
1.29
5.78
5.76
7.86
2.13
2.41
6.61
7.97
2.39
5.13
10.6
5.76
6.86
26.42
11.79
12.12
14.77
38.8
72.15
378.63
